time,value
1758815679.3328066,3.0
1758815679.343211,3.0
1758815679.3534734,3.0
1758815679.36372,3.0
1758815679.3739383,3.0
1758815679.3841686,3.0
1758815679.3943954,3.0
1758815679.4046116,3.0
1758815679.414817,3.0
1758815679.425008,3.0
1758815679.4352155,3.0
1758815679.445389,3.0
1758815679.45558,3.0
1758815679.4657576,3.0
1758815679.4759448,3.0
1758815679.4861135,3.0
1758815679.4963005,3.0
1758815679.5064547,3.0
1758815679.5166283,3.0
1758815679.5268073,3.0
1758815679.5369747,3.0
1758815679.5472617,3.0
1758815679.557573,3.0
1758815679.5679095,3.0
1758815679.5782645,3.0
1758815679.5887442,3.0
1758815679.5991356,3.0
1758815679.609469,3.0
1758815679.6199343,3.0
1758815679.6302555,3.0
1758815679.6406174,3.0
1758815679.6509693,3.0
1758815679.661294,3.0
1758815679.671625,3.0
1758815679.6819556,3.0
1758815679.6922507,3.0
1758815679.7025862,3.0
1758815679.7128966,3.0
1758815679.7232263,3.0
1758815679.7335298,3.0
1758815679.7438545,3.0
1758815679.7541618,3.0
1758815679.7644901,3.0
1758815679.7748053,3.0
1758815679.7851226,3.0
1758815679.7955213,3.0
1758815679.8058248,3.0
1758815679.8161454,3.0
1758815679.8265216,3.0
1758815679.8367643,3.0
1758815679.8469737,3.0
1758815679.857129,3.0
1758815679.8676405,3.0
1758815679.8781776,3.0
1758815679.8886027,3.0
1758815679.8989038,3.0
1758815679.9092104,3.0
1758815679.9197762,3.0
1758815679.930095,3.0
1758815679.9404078,3.0
1758815679.950717,3.0
1758815679.9611762,3.0
1758815679.9715605,3.0
1758815679.981997,3.0
1758815679.9924917,3.0
1758815680.002916,3.0
1758815680.0133398,3.0
1758815680.0237243,3.0
1758815680.0340734,3.0
1758815680.0444362,3.0
1758815680.0548012,3.0
1758815680.0651503,3.0
1758815680.0755124,3.0
1758815680.0858638,3.0
1758815680.0962677,3.0
1758815680.106635,3.0
1758815680.116983,3.0
1758815680.1273742,3.0
1758815680.1377125,3.0
1758815680.1480653,3.0
1758815680.1585257,3.0
1758815680.1689153,3.0
1758815680.1792786,3.0
1758815680.189646,3.0
1758815680.1998363,3.0
1758815680.2099776,3.0
1758815680.2201588,3.0
1758815680.2303212,3.0
1758815680.2405057,3.0
1758815680.2508595,3.0
1758815680.261208,3.0
1758815680.2716055,3.0
1758815680.2819507,3.0
1758815680.293564,3.0
1758815680.3069427,2.0
1758815680.3175387,1.0
1758815680.327993,3.0
1758815680.3384554,3.0
1758815680.3489077,3.0
1758815680.359273,3.0
1758815680.3696613,3.0
1758815680.3800154,3.0
1758815680.3903742,3.0
1758815680.400705,3.0
1758815680.4109588,3.0
1758815680.4212627,3.0
1758815680.4315438,3.0
1758815680.4417815,3.0
1758815680.4520285,3.0
1758815680.4622674,3.0
1758815680.4725072,3.0
1758815680.48279,3.0
1758815680.493019,3.0
1758815680.50326,3.0
1758815680.5135074,3.0
1758815680.5237293,3.0
1758815680.5339367,3.0
1758815680.5441806,3.0
1758815680.5543835,3.0
1758815680.564624,3.0
1758815680.5748992,3.0
1758815680.5851266,3.0
1758815680.595563,3.0
1758815680.60599,3.0
1758815680.616425,3.0
1758815680.6268792,3.0
1758815680.6373732,3.0
1758815680.6478093,3.0
1758815680.6582294,3.0
1758815680.6687293,3.0
1758815680.6791906,3.0
1758815680.6896248,3.0
1758815680.700066,3.0
1758815680.7104733,3.0
1758815680.7208924,3.0
1758815680.7313151,3.0
1758815680.7417598,3.0
1758815680.7521954,3.0
1758815680.7626405,3.0
1758815680.7730522,3.0
1758815680.783479,3.0
1758815680.793879,3.0
1758815680.8043292,3.0
1758815680.8147647,3.0
1758815680.8251882,3.0
1758815680.8356423,3.0
1758815680.846054,3.0
1758815680.8564909,3.0
1758815680.8687568,3.0
1758815680.8792126,3.0
1758815680.8896964,3.0
1758815680.900294,3.0
1758815680.911391,3.0
1758815680.921835,3.0
1758815680.9323657,3.0
1758815680.9428258,3.0
1758815680.9536002,3.0
1758815680.9640596,3.0
1758815680.9745102,3.0
1758815680.984909,3.0
1758815680.9953446,3.0
1758815681.0057652,3.0
1758815681.0162215,3.0
1758815681.0266576,3.0
1758815681.0370698,3.0
1758815681.0475054,3.0
1758815681.0579474,3.0
1758815681.068381,3.0
1758815681.0788217,3.0
1758815681.0892403,3.0
1758815681.09968,3.0
1758815681.110094,3.0
1758815681.1205363,3.0
1758815681.1309679,3.0
1758815681.1413915,3.0
1758815681.1518157,3.0
1758815681.1622381,3.0
1758815681.172691,3.0
1758815681.1834738,3.0
1758815681.195278,3.0
1758815681.2058861,3.0
1758815681.2164834,3.0
1758815681.227093,3.0
1758815681.2376854,3.0
1758815681.248295,3.0
1758815681.2588892,3.0
1758815681.2694662,3.0
1758815681.2799776,3.0
1758815681.2917519,3.0
1758815681.3057487,2.0
1758815681.319991,1.0
1758815681.3304121,3.0
1758815681.340855,3.0
1758815681.3513184,3.0
1758815681.3617496,3.0
1758815681.372194,3.0
1758815681.3826363,3.0
1758815681.393163,3.0
1758815681.4036245,3.0
1758815681.4140618,3.0
1758815681.424559,3.0
1758815681.434991,3.0
1758815681.4454308,3.0
1758815681.4558828,3.0
1758815681.4663348,3.0
1758815681.4767482,3.0
1758815681.4876108,3.0
1758815681.4995217,3.0
1758815681.5120752,3.0
1758815681.525698,3.0
1758815681.5392015,3.0
1758815681.5526783,3.0
1758815681.5659692,3.0
1758815681.5790672,3.0
1758815681.5921936,3.0
1758815681.6049526,3.0
1758815681.6177144,3.0
1758815681.6303446,3.0
1758815681.643035,3.0
1758815681.6556768,3.0
1758815681.6683152,3.0
1758815681.6809905,3.0
1758815681.6936922,3.0
1758815681.7063112,3.0
1758815681.719018,3.0
1758815681.7316687,3.0
1758815681.7443259,3.0
1758815681.7569876,3.0
1758815681.7696347,3.0
1758815681.7822826,3.0
1758815681.795045,3.0
1758815681.8076653,3.0
1758815681.8202965,3.0
1758815681.8329442,3.0
1758815681.8456109,3.0
1758815681.858255,3.0
1758815681.8711116,3.0
1758815681.884326,3.0
1758815681.8971543,3.0
1758815681.9097898,3.0
1758815681.9224355,3.0
1758815681.93509,3.0
1758815681.9476361,3.0
1758815681.96018,3.0
1758815681.9728153,3.0
1758815681.9854338,3.0
1758815681.9980443,3.0
1758815682.0106528,3.0
1758815682.0232258,3.0
1758815682.035819,3.0
1758815682.0484369,3.0
1758815682.0610297,3.0
1758815682.0736115,3.0
1758815682.0861926,3.0
1758815682.098842,3.0
1758815682.1114068,3.0
1758815682.1239483,3.0
1758815682.1365275,3.0
1758815682.1491108,3.0
1758815682.161678,3.0
1758815682.1742887,3.0
1758815682.1870651,3.0
1758815682.1996243,3.0
1758815682.2122042,3.0
1758815682.224732,3.0
1758815682.2373013,3.0
1758815682.2500646,3.0
1758815682.262646,3.0
1758815682.2752457,3.0
1758815682.2892663,3.0
1758815682.3016338,3.0
1758815682.3125954,2.0
1758815682.3250685,3.0
1758815682.3376493,3.0
1758815682.350229,3.0
1758815682.3628373,3.0
1758815682.3754003,3.0
1758815682.388108,3.0
1758815682.4006543,3.0
1758815682.4132257,3.0
1758815682.4258204,3.0
1758815682.4383612,3.0
1758815682.45095,3.0
1758815682.463537,3.0
1758815682.4761233,3.0
1758815682.488676,3.0
1758815682.5012605,3.0
1758815682.5138066,3.0
1758815682.5263534,3.0
1758815682.5389235,3.0
1758815682.5515196,3.0
1758815682.5640688,3.0
1758815682.5765996,3.0
1758815682.5892718,3.0
1758815682.6018429,3.0
1758815682.6144211,3.0
1758815682.6269946,3.0
1758815682.6395626,3.0
1758815682.6521232,3.0
1758815682.6646836,3.0
1758815682.6772103,3.0
1758815682.6897943,3.0
1758815682.7023356,3.0
1758815682.7151692,3.0
1758815682.7279446,3.0
1758815682.7408826,3.0
1758815682.753559,3.0
1758815682.7662466,3.0
1758815682.779006,3.0
1758815682.7917876,3.0
1758815682.804514,3.0
1758815682.817173,3.0
1758815682.829873,3.0
1758815682.8426366,3.0
1758815682.8553748,3.0
1758815682.8684034,3.0
1758815682.8822181,3.0
1758815682.8955722,3.0
1758815682.9082038,3.0
1758815682.9213233,3.0
1758815682.9340923,3.0
1758815682.9469151,3.0
1758815682.9597254,3.0
1758815682.9725344,3.0
1758815682.9853017,3.0
1758815682.9979956,3.0
1758815683.0107307,3.0
1758815683.0233974,3.0
1758815683.0360997,3.0
1758815683.0487664,3.0
1758815683.0614653,3.0
1758815683.074146,3.0
1758815683.0868266,3.0
1758815683.0995708,3.0
1758815683.1122463,3.0
1758815683.1249015,3.0
1758815683.1378264,3.0
1758815683.1504576,3.0
1758815683.163166,3.0
1758815683.175821,3.0
1758815683.188598,3.0
1758815683.2052507,3.0
1758815683.2163477,3.0
1758815683.2270741,3.0
1758815683.237814,3.0
1758815683.2485042,3.0
1758815683.25924,3.0
1758815683.2698927,3.0
1758815683.2805793,3.0
1758815683.2930398,3.0
1758815683.3043664,3.0
1758815683.3150413,3.0
1758815683.32576,3.0
1758815683.336428,3.0
1758815683.347126,3.0
1758815683.357745,3.0
1758815683.3686872,3.0
1758815683.379361,3.0
1758815683.3901608,3.0
1758815683.4008212,3.0
1758815683.4114933,3.0
1758815683.4221513,3.0
1758815683.4328358,3.0
1758815683.4435403,3.0
1758815683.454185,3.0
1758815683.4648657,3.0
1758815683.4755235,3.0
1758815683.4861734,3.0
1758815683.496836,3.0
1758815683.507493,3.0
1758815683.5181482,3.0
1758815683.528804,3.0
1758815683.539477,3.0
1758815683.550124,3.0
1758815683.5608025,3.0
1758815683.5714521,3.0
1758815683.5820935,3.0
1758815683.5936968,3.0
1758815683.6044252,3.0
1758815683.6156657,3.0
1758815683.626328,3.0
1758815683.6369529,3.0
1758815683.6475933,3.0
1758815683.6581733,3.0
1758815683.6687765,3.0
1758815683.67938,3.0
1758815683.6899579,3.0
1758815683.7005835,3.0
1758815683.7111933,3.0
1758815683.7217715,3.0
1758815683.732373,3.0
1758815683.7429643,3.0
1758815683.7535408,3.0
1758815683.764126,3.0
1758815683.7747164,3.0
1758815683.7852743,3.0
1758815683.7958887,3.0
1758815683.806481,3.0
1758815683.8170867,3.0
1758815683.8276696,3.0
1758815683.838552,3.0
1758815683.84912,3.0
1758815683.8597078,3.0
1758815683.8706677,3.0
1758815683.8821619,3.0
1758815683.8931217,3.0
1758815683.903852,3.0
1758815683.9156303,3.0
1758815683.92629,3.0
1758815683.937001,3.0
1758815683.947709,3.0
1758815683.9587507,3.0
1758815683.9694173,3.0
1758815683.9801426,3.0
1758815683.9909647,3.0
1758815684.001647,3.0
1758815684.0123632,3.0
1758815684.0230622,3.0
1758815684.033769,3.0
1758815684.044475,3.0
1758815684.055147,3.0
1758815684.0657427,3.0
1758815684.0763483,3.0
1758815684.0869591,3.0
1758815684.0975332,3.0
1758815684.1081247,3.0
1758815684.1187341,3.0
1758815684.1292932,3.0
1758815684.1399004,3.0
1758815684.1504536,3.0
1758815684.1610343,3.0
1758815684.171614,3.0
1758815684.182196,3.0
1758815684.19286,3.0
1758815684.2034352,3.0
1758815684.2140055,3.0
1758815684.2245953,3.0
1758815684.23517,3.0
1758815684.2457466,3.0
1758815684.2563546,3.0
1758815684.2669454,3.0
1758815684.2775128,3.0
1758815684.2893112,3.0
1758815684.299837,3.0
1758815684.3109796,3.0
1758815684.3215604,3.0
1758815684.3321424,3.0
1758815684.3427026,3.0
1758815684.3532681,3.0
1758815684.3638604,3.0
1758815684.3743916,3.0
1758815684.3849494,3.0
1758815684.3955712,3.0
1758815684.4061127,3.0
1758815684.4166973,3.0
1758815684.4272578,3.0
1758815684.4377916,3.0
1758815684.4483745,3.0
1758815684.4589224,3.0
1758815684.4694815,3.0
1758815684.4800334,3.0
1758815684.4905953,3.0
1758815684.5011256,3.0
1758815684.5117137,3.0
1758815684.5222597,3.0
1758815684.532829,3.0
1758815684.5433822,3.0
1758815684.553939,3.0
1758815684.5645776,3.0
1758815684.575119,3.0
1758815684.5856702,3.0
1758815684.5962868,3.0
1758815684.606869,3.0
1758815684.61739,3.0
1758815684.6279519,3.0
1758815684.6385124,3.0
1758815684.6490543,3.0
1758815684.659776,3.0
1758815684.6703374,3.0
1758815684.680922,3.0
1758815684.6914873,3.0
1758815684.70208,3.0
1758815684.7126403,3.0
1758815684.723202,3.0
1758815684.7337613,3.0
1758815684.7443297,3.0
1758815684.7548807,3.0
1758815684.7654293,3.0
1758815684.7759871,3.0
1758815684.786547,3.0
1758815684.797168,3.0
1758815684.8077297,3.0
1758815684.818276,3.0
1758815684.828837,3.0
1758815684.839424,3.0
1758815684.8500822,3.0
1758815684.8607774,3.0
1758815684.8716996,3.0
1758815684.8824182,3.0
1758815684.8930569,3.0
1758815684.9038124,3.0
1758815684.914465,3.0
1758815684.9250576,3.0
1758815684.935666,3.0
1758815684.9462612,3.0
1758815684.9571447,3.0
1758815684.9676232,3.0
1758815684.9781115,3.0
1758815684.9886236,3.0
1758815684.9992366,3.0
1758815685.0097344,3.0
1758815685.020231,3.0
1758815685.0307367,3.0
1758815685.041221,3.0
1758815685.0517228,3.0
1758815685.062218,3.0
1758815685.0727057,3.0
1758815685.083215,3.0
1758815685.0937393,3.0
1758815685.1043417,3.0
1758815685.1149485,3.0
1758815685.1255238,3.0
1758815685.1361175,3.0
1758815685.1466622,3.0
1758815685.1572027,3.0
1758815685.1677701,3.0
1758815685.1787603,3.0
1758815685.1892831,3.0
1758815685.1998641,3.0
1758815685.2104566,3.0
1758815685.2209888,3.0
1758815685.2315147,3.0
1758815685.242038,3.0
1758815685.2525659,3.0
1758815685.2631073,3.0
1758815685.2736154,3.0
1758815685.2841868,3.0
1758815685.295718,3.0
1758815685.307198,3.0
1758815685.3177223,3.0
1758815685.3288114,3.0
1758815685.3404386,3.0
1758815685.3522525,3.0
1758815685.3640842,3.0
1758815685.3758986,3.0
1758815685.3877573,3.0
1758815685.39966,3.0
1758815685.411436,3.0
1758815685.4231791,3.0
1758815685.434878,3.0
1758815685.4465806,3.0
1758815685.458269,3.0
1758815685.4699314,3.0
1758815685.48157,3.0
1758815685.4931934,3.0
1758815685.5048728,3.0
1758815685.5165384,3.0
1758815685.5281475,3.0
1758815685.5397277,3.0
1758815685.5513215,3.0
1758815685.5628898,3.0
1758815685.5744305,3.0
1758815685.5859904,3.0
1758815685.5976343,3.0
1758815685.6091754,3.0
1758815685.6207209,3.0
1758815685.632315,3.0
1758815685.643859,3.0
1758815685.6554115,3.0
1758815685.6669617,3.0
1758815685.6785035,3.0
1758815685.6900444,3.0
1758815685.701625,3.0
1758815685.7131903,3.0
1758815685.724745,3.0
1758815685.736311,3.0
1758815685.7478852,3.0
1758815685.75945,3.0
1758815685.771018,3.0
1758815685.7825751,3.0
1758815685.794293,3.0
1758815685.805865,3.0
1758815685.817435,3.0
1758815685.829011,3.0
1758815685.840837,3.0
1758815685.8524384,3.0
1758815685.8640304,3.0
1758815685.8759222,3.0
1758815685.8876863,3.0
1758815685.8995104,3.0
1758815685.9111214,3.0
1758815685.9235244,3.0
1758815685.9352622,3.0
1758815685.9469502,3.0
1758815685.9588065,3.0
1758815685.9703333,3.0
1758815685.982003,3.0
1758815685.9937475,3.0
1758815686.005401,3.0
1758815686.0170271,3.0
1758815686.0286827,3.0
1758815686.0403097,3.0
1758815686.0519428,3.0
1758815686.0635839,3.0
1758815686.0752215,3.0
1758815686.0868824,3.0
1758815686.0985358,3.0
1758815686.110125,3.0
1758815686.1217759,3.0
1758815686.1333992,3.0
1758815686.1450522,3.0
1758815686.1566763,3.0
1758815686.1683137,3.0
1758815686.179929,3.0
1758815686.1915514,3.0
1758815686.2031727,3.0
1758815686.2147925,3.0
1758815686.2263832,3.0
1758815686.2380154,3.0
1758815686.2496436,3.0
1758815686.2612488,3.0
1758815686.2728472,3.0
1758815686.2844431,3.0
1758815686.2974172,3.0
1758815686.3132074,2.0
1758815686.3261511,1.0
1758815686.337702,3.0
1758815686.349452,3.0
1758815686.3612356,3.0
1758815686.373009,3.0
1758815686.3847349,3.0
1758815686.3964474,3.0
1758815686.4081798,3.0
1758815686.4199104,3.0
1758815686.4316194,3.0
1758815686.443337,3.0
1758815686.4551096,3.0
1758815686.466819,3.0
1758815686.478561,3.0
1758815686.4902658,3.0
1758815686.501966,3.0
1758815686.5136793,3.0
1758815686.5254002,3.0
1758815686.5371284,3.0
1758815686.5488486,3.0
1758815686.5605357,3.0
1758815686.5722468,3.0
1758815686.5839574,3.0
1758815686.595704,3.0
1758815686.607393,3.0
1758815686.619128,3.0
1758815686.6308398,3.0
1758815686.6425536,3.0
1758815686.6543012,3.0
1758815686.6660457,3.0
1758815686.6777909,3.0
1758815686.6895328,3.0
1758815686.7012377,3.0
1758815686.7129385,3.0
1758815686.7247014,3.0
1758815686.7364259,3.0
1758815686.7481563,3.0
1758815686.7598932,3.0
1758815686.7716575,3.0
1758815686.7833936,3.0
1758815686.7951713,3.0
1758815686.8069332,3.0
1758815686.8186903,3.0
1758815686.8303955,3.0
1758815686.8422706,3.0
1758815686.8540857,3.0
1758815686.8666916,3.0
1758815686.8788865,3.0
1758815686.8906407,3.0
1758815686.9024274,3.0
1758815686.9148154,3.0
1758815686.9266016,3.0
1758815686.938303,3.0
1758815686.9500585,3.0
1758815686.9662507,3.0
1758815686.9780006,3.0
1758815686.9941564,2.0
1758815687.0074532,1.0
1758815687.018876,3.0
1758815687.030527,3.0
1758815687.0421696,3.0
1758815687.0538392,3.0
1758815687.065469,3.0
1758815687.0771425,3.0
1758815687.0888236,3.0
1758815687.1005063,3.0
1758815687.1121604,3.0
1758815687.1237848,3.0
1758815687.1354012,3.0
1758815687.1470208,3.0
1758815687.1586404,3.0
1758815687.170782,3.0
1758815687.1837227,3.0
1758815687.1946664,3.0
1758815687.2053235,3.0
1758815687.2159615,3.0
1758815687.2265203,3.0
1758815687.2370563,3.0
1758815687.2476056,3.0
1758815687.258126,3.0
1758815687.268669,3.0
1758815687.2791867,3.0
1758815687.2906785,3.0
1758815687.3010974,3.0
1758815687.311638,3.0
1758815687.3221714,3.0
1758815687.332712,3.0
1758815687.3447707,3.0
1758815687.3553076,3.0
1758815687.3658516,3.0
1758815687.376402,3.0
1758815687.3869405,3.0
1758815687.3975856,3.0
1758815687.408148,3.0
1758815687.4186106,3.0
1758815687.4290617,3.0
1758815687.439494,3.0
1758815687.4499073,3.0
1758815687.4603558,3.0
1758815687.470859,3.0
1758815687.4814498,3.0
1758815687.492224,3.0
1758815687.5027862,3.0
1758815687.5133479,3.0
1758815687.5239356,3.0
1758815687.534506,3.0
1758815687.5450692,3.0
1758815687.5556922,3.0
1758815687.5662317,3.0
1758815687.576781,3.0
1758815687.5873308,3.0
1758815687.597978,3.0
1758815687.6085136,3.0
1758815687.6190674,3.0
1758815687.6296055,3.0
1758815687.6401496,3.0
1758815687.6507037,3.0
1758815687.6612308,3.0
1758815687.6717763,3.0
1758815687.6824722,3.0
1758815687.6930387,3.0
1758815687.7035835,3.0
1758815687.7141187,3.0
1758815687.7246542,3.0
1758815687.735198,3.0
1758815687.7457228,3.0
1758815687.7562642,3.0
1758815687.76683,3.0
1758815687.7775686,3.0
1758815687.788141,3.0
1758815687.7988038,3.0
1758815687.809342,3.0
1758815687.8198843,3.0
1758815687.8304305,3.0
1758815687.8410127,3.0
1758815687.8515549,3.0
1758815687.8620913,3.0
1758815687.8733463,3.0
1758815687.8840735,3.0
1758815687.8947153,3.0
1758815687.9051678,3.0
1758815687.9167492,3.0
1758815687.9272518,3.0
1758815687.9377654,3.0
1758815687.948305,3.0
1758815687.959071,3.0
1758815687.9695504,3.0
1758815687.9800615,3.0
1758815687.9905753,3.0
1758815688.0010595,3.0
1758815688.011557,3.0
1758815688.022057,3.0
1758815688.032562,3.0
1758815688.0430646,3.0
1758815688.053544,3.0
1758815688.0640616,3.0
1758815688.0745726,3.0
1758815688.0850644,3.0
1758815688.0955703,3.0
1758815688.1060698,3.0
1758815688.1165757,3.0
1758815688.1270707,3.0
1758815688.1375673,3.0
1758815688.148068,3.0
1758815688.1585991,3.0
1758815688.1691,3.0
1758815688.1795988,3.0
1758815688.1901054,3.0
1758815688.2006202,3.0
1758815688.2111545,3.0
1758815688.2218637,3.0
1758815688.2324448,3.0
1758815688.2429655,3.0
1758815688.2534585,3.0
1758815688.2639594,3.0
1758815688.2744408,3.0
1758815688.2849324,3.0
1758815688.2965002,3.0
1758815688.3069901,3.0
1758815688.3174856,3.0
1758815688.328035,3.0
1758815688.3385298,3.0
1758815688.3490186,3.0
1758815688.3595104,3.0
1758815688.3700109,3.0
1758815688.3805175,3.0
1758815688.3910325,3.0
1758815688.4015262,3.0
1758815688.4151697,3.0
1758815688.4260604,3.0
1758815688.4367638,3.0
1758815688.4474504,3.0
1758815688.458066,3.0
1758815688.4687145,3.0
1758815688.4793386,3.0
1758815688.4899921,3.0
1758815688.5006428,3.0
1758815688.5113175,3.0
1758815688.5219522,3.0
1758815688.532613,3.0
1758815688.5432422,3.0
1758815688.5539277,3.0
1758815688.5645878,3.0
1758815688.5752463,3.0
1758815688.5858848,3.0
1758815688.5965476,3.0
1758815688.607245,3.0
1758815688.617893,3.0
1758815688.6285467,3.0
1758815688.6392074,3.0
1758815688.649826,3.0
1758815688.6604652,3.0
1758815688.6711092,3.0
1758815688.6817532,3.0
1758815688.6924,3.0
1758815688.7030497,3.0
1758815688.7136898,3.0
1758815688.7243793,3.0
1758815688.7350738,3.0
1758815688.745694,3.0
1758815688.7563388,3.0
1758815688.7672377,3.0
1758815688.777882,3.0
1758815688.788521,3.0
1758815688.8014727,3.0
1758815688.8121011,3.0
1758815688.8226874,3.0
1758815688.8332882,3.0
1758815688.8439353,3.0
1758815688.8545942,3.0
1758815688.8651385,3.0
1758815688.8763747,3.0
1758815688.8868768,3.0
1758815688.8976476,3.0
1758815688.9082017,3.0
1758815688.9190567,3.0
1758815688.9295306,3.0
1758815688.9400644,3.0
1758815688.9505575,3.0
1758815688.9612086,3.0
1758815688.9717371,3.0
1758815688.9822316,3.0
1758815688.9927487,3.0
1758815689.0032492,3.0
1758815689.0137494,3.0
1758815689.0242584,3.0
1758815689.0347552,3.0
1758815689.0452564,3.0
1758815689.055761,3.0
1758815689.0662487,3.0
1758815689.0767522,3.0
1758815689.0872471,3.0
1758815689.097747,3.0
1758815689.1146808,3.0
1758815689.1271145,1.0
1758815689.1374197,3.0
1758815689.147735,3.0
1758815689.1580296,3.0
1758815689.1683352,3.0
1758815689.1787682,3.0
1758815689.1892343,3.0
1758815689.1998498,3.0
1758815689.210154,3.0
1758815689.2204502,3.0
1758815689.2308307,3.0
1758815689.2411375,3.0
1758815689.2514417,3.0
1758815689.2617326,3.0
1758815689.272189,3.0
1758815689.2829256,3.0
1758815689.2943082,3.0
1758815689.3045928,3.0
1758815689.3148985,3.0
1758815689.325186,3.0
1758815689.33586,3.0
1758815689.3470526,3.0
1758815689.358502,3.0
1758815689.3700519,3.0
1758815689.3816931,3.0
1758815689.3932908,3.0
1758815689.404838,3.0
1758815689.4163685,3.0
1758815689.4278755,3.0
1758815689.4393487,3.0
1758815689.4508295,3.0
1758815689.4622395,3.0
1758815689.4737167,3.0
1758815689.4851882,3.0
1758815689.496591,3.0
1758815689.508018,3.0
1758815689.5194066,3.0
1758815689.5307748,3.0
1758815689.5421255,3.0
1758815689.553535,3.0
1758815689.5649257,3.0
1758815689.5762904,3.0
1758815689.5876462,3.0
1758815689.5989618,3.0
1758815689.6102915,3.0
1758815689.6216226,3.0
1758815689.6329997,3.0
1758815689.6443157,3.0
1758815689.6557508,3.0
1758815689.6670704,3.0
1758815689.6783712,3.0
1758815689.6896944,3.0
1758815689.701282,3.0
1758815689.712568,3.0
1758815689.723798,3.0
1758815689.7350638,3.0
1758815689.7463195,3.0
1758815689.7575755,3.0
1758815689.7688363,3.0
1758815689.78012,3.0
1758815689.7913878,3.0
1758815689.8027685,3.0
1758815689.8140478,3.0
1758815689.8253465,3.0
1758815689.837,3.0
1758815689.848272,3.0
1758815689.8595648,3.0
1758815689.8720536,3.0
1758815689.883512,3.0
1758815689.895314,3.0
1758815689.9067535,3.0
1758815689.9195137,3.0
1758815689.9308085,3.0
1758815689.9421337,3.0
1758815689.9539406,3.0
1758815689.9651892,3.0
1758815689.9764447,3.0
1758815689.987715,3.0
1758815689.998967,3.0
1758815690.0103416,3.0
1758815690.0216107,3.0
1758815690.0328624,3.0
1758815690.0441206,3.0
1758815690.0553849,3.0
1758815690.0666506,3.0
1758815690.077839,3.0
1758815690.0891104,3.0
1758815690.100349,3.0
1758815690.1116006,3.0
1758815690.1228366,3.0
1758815690.1340659,3.0
1758815690.1453242,3.0
1758815690.1565754,3.0
1758815690.1678224,3.0
1758815690.17907,3.0
1758815690.1903043,3.0
1758815690.201719,3.0
1758815690.213034,3.0
1758815690.224296,3.0
1758815690.2355719,3.0
1758815690.2468348,3.0
1758815690.2580805,3.0
1758815690.2693768,3.0
1758815690.2806666,3.0
1758815690.2932544,3.0
1758815690.304515,3.0
1758815690.3158102,3.0
1758815690.3271127,3.0
1758815690.3384306,3.0
1758815690.3497043,3.0
1758815690.3610005,3.0
1758815690.3722906,3.0
1758815690.383581,3.0
1758815690.394912,3.0
1758815690.4071174,3.0
1758815690.4183588,3.0
1758815690.4296565,3.0
1758815690.4409347,3.0
1758815690.4522445,3.0
1758815690.4644036,1.0
1758815690.477986,1.0
1758815690.4890754,3.0
1758815690.5003412,3.0
1758815690.5116327,3.0
1758815690.522907,3.0
1758815690.5341716,3.0
1758815690.5454605,3.0
1758815690.556725,3.0
1758815690.5679884,3.0
1758815690.5792286,3.0
1758815690.590522,3.0
1758815690.6018655,3.0
1758815690.6131465,3.0
1758815690.6244535,3.0
1758815690.6357424,3.0
1758815690.64703,3.0
1758815690.6583457,3.0
1758815690.6696448,3.0
1758815690.6809416,3.0
1758815690.6922584,3.0
1758815690.7035525,3.0
1758815690.714838,3.0
1758815690.7261379,3.0
1758815690.7374349,3.0
1758815690.7487473,3.0
1758815690.7600021,3.0
1758815690.7712884,3.0
1758815690.7825818,3.0
1758815690.7940829,3.0
1758815690.805466,3.0
1758815690.8167536,3.0
1758815690.8280203,3.0
1758815690.8394551,3.0
1758815690.8509235,3.0
1758815690.8623412,3.0
1758815690.8740072,3.0
1758815690.885474,3.0
1758815690.8968651,3.0
1758815690.9081485,3.0
1758815690.920532,3.0
1758815690.931972,3.0
1758815690.9435961,3.0
1758815690.9548993,3.0
1758815690.966556,3.0
1758815690.9778144,3.0
1758815690.9890888,3.0
1758815691.0005126,3.0
1758815691.0118952,3.0
1758815691.0232234,3.0
1758815691.0346336,3.0
1758815691.0459864,3.0
1758815691.0573504,3.0
1758815691.068717,3.0
1758815691.0800817,3.0
1758815691.0930545,3.0
1758815691.1049643,3.0
1758815691.116255,3.0
1758815691.127549,3.0
1758815691.1388316,3.0
1758815691.1501455,3.0
1758815691.1615,3.0
1758815691.172786,3.0
1758815691.1858666,3.0
1758815691.196845,3.0
1758815691.2072678,3.0
1758815691.2176392,3.0
1758815691.2279022,3.0
1758815691.2381523,3.0
1758815691.248439,3.0
1758815691.2587028,3.0
1758815691.26896,3.0
1758815691.2792144,3.0
1758815691.2904382,3.0
1758815691.300674,3.0
1758815691.3109438,3.0
1758815691.3211944,3.0
1758815691.3314788,3.0
1758815691.3417156,3.0
1758815691.3519723,3.0
1758815691.3622522,3.0
1758815691.3725104,3.0
1758815691.3827605,3.0
1758815691.3930058,3.0
1758815691.403415,3.0
1758815691.4136527,3.0
1758815691.4239717,3.0
1758815691.4341834,3.0
1758815691.4444518,3.0
1758815691.4547045,3.0
1758815691.4649432,3.0
1758815691.4752116,3.0
1758815691.485437,3.0
1758815691.4956822,3.0
1758815691.5059202,3.0
1758815691.5161784,3.0
1758815691.5264227,3.0
1758815691.5369108,3.0
1758815691.5472064,3.0
1758815691.5574646,3.0
1758815691.5677347,3.0
1758815691.577978,3.0
1758815691.5882564,3.0
1758815691.5985181,3.0
1758815691.608844,3.0
1758815691.619119,3.0
1758815691.6294012,3.0
1758815691.6396482,3.0
1758815691.6498883,3.0
1758815691.660289,3.0
1758815691.670616,3.0
1758815691.6808584,3.0
1758815691.6911159,3.0
1758815691.7013576,3.0
1758815691.7116168,3.0
1758815691.7218485,3.0
1758815691.7321358,3.0
1758815691.742377,3.0
1758815691.752641,3.0
1758815691.7628834,3.0
1758815691.7731159,3.0
1758815691.78338,3.0
1758815691.7936187,3.0
1758815691.8040118,3.0
1758815691.8142822,3.0
1758815691.824563,3.0
1758815691.834825,3.0
1758815691.8451054,3.0
1758815691.8553607,3.0
1758815691.8658545,3.0
1758815691.8765125,3.0
1758815691.886803,3.0
1758815691.8974369,3.0
1758815691.9077816,3.0
1758815691.9182963,3.0
1758815691.9286573,3.0
1758815691.9390323,3.0
1758815691.9494088,3.0
1758815691.9600732,3.0
1758815691.9703827,3.0
1758815691.9810293,3.0
1758815691.9914436,3.0
1758815692.0017717,3.0
1758815692.0120838,3.0
1758815692.0223072,3.0
1758815692.0326126,3.0
1758815692.0428677,3.0
1758815692.0531216,3.0
1758815692.0633736,3.0
1758815692.0736256,3.0
1758815692.083886,3.0
1758815692.0941274,3.0
1758815692.10439,3.0
1758815692.1146798,3.0
1758815692.1249146,3.0
1758815692.1351616,3.0
1758815692.145404,3.0
1758815692.1556845,3.0
1758815692.1659124,3.0
1758815692.1761901,3.0
1758815692.1864283,3.0
1758815692.1966715,3.0
1758815692.207009,3.0
1758815692.2172544,3.0
1758815692.2275107,3.0
1758815692.2377799,3.0
1758815692.2480426,3.0
1758815692.2583067,3.0
1758815692.2685778,3.0
1758815692.2788324,3.0
1758815692.2900476,3.0
1758815692.3002763,3.0
1758815692.310514,3.0
1758815692.320759,3.0
1758815692.3310072,3.0
1758815692.3412802,3.0
1758815692.3515377,3.0
1758815692.361773,3.0
1758815692.3720374,3.0
1758815692.3822868,3.0
1758815692.3925383,3.0
1758815692.402788,3.0
1758815692.4130802,3.0
1758815692.4234216,3.0
1758815692.433795,3.0
1758815692.4441795,3.0
1758815692.4545379,3.0
1758815692.4649098,3.0
1758815692.4753146,3.0
1758815692.4856832,3.0
1758815692.4959822,3.0
1758815692.5062547,3.0
1758815692.5165322,3.0
1758815692.5268207,3.0
1758815692.5370684,3.0
1758815692.5473285,3.0
1758815692.5575671,3.0
1758815692.5678356,3.0
1758815692.5780866,3.0
1758815692.5883553,3.0
1758815692.5986202,3.0
1758815692.608931,3.0
1758815692.6191735,3.0
1758815692.6294377,3.0
1758815692.6397002,3.0
1758815692.6499774,3.0
1758815692.6602345,3.0
1758815692.6704705,3.0
1758815692.6807296,3.0
1758815692.6909924,3.0
1758815692.7012358,3.0
1758815692.7115023,3.0
1758815692.7217443,3.0
1758815692.731994,3.0
1758815692.7422352,3.0
1758815692.7524838,3.0
1758815692.762749,3.0
1758815692.7730174,3.0
1758815692.7832782,3.0
1758815692.793561,3.0
1758815692.8038342,3.0
1758815692.8141394,3.0
1758815692.8243966,3.0
1758815692.8346848,3.0
1758815692.8449695,3.0
1758815692.8552642,3.0
1758815692.8718536,3.0
1758815692.8824086,1.0
1758815692.892747,3.0
1758815692.9030907,3.0
1758815692.9138415,3.0
1758815692.924242,3.0
1758815692.9346561,2.0
1758815692.9449754,3.0
1758815692.9555216,3.0
1758815692.9659646,3.0
1758815692.9762535,3.0
1758815692.9865174,3.0
1758815692.9967625,3.0
1758815693.0070744,3.0
1758815693.0172987,3.0
1758815693.02753,3.0
1758815693.0377488,3.0
1758815693.0479946,3.0
1758815693.0582347,3.0
1758815693.0684998,3.0
1758815693.0787401,3.0
1758815693.088958,3.0
1758815693.0991886,3.0
1758815693.1094275,3.0
1758815693.1196785,3.0
1758815693.1299021,3.0
1758815693.1401348,3.0
1758815693.1503546,3.0
1758815693.1606066,3.0
1758815693.1708434,3.0
1758815693.1826482,3.0
1758815693.1932847,3.0
1758815693.2036016,3.0
1758815693.2139337,3.0
1758815693.2242043,3.0
1758815693.2344267,3.0
1758815693.24468,3.0
1758815693.2549367,3.0
1758815693.2651896,3.0
1758815693.2754354,3.0
1758815693.2868226,3.0
1758815693.2970264,3.0
1758815693.3072734,3.0
1758815693.3175037,3.0
1758815693.3277633,3.0
1758815693.3383472,3.0
1758815693.349465,3.0
1758815693.3607407,3.0
1758815693.3719764,3.0
1758815693.3832474,3.0
1758815693.3945165,3.0
1758815693.4059315,3.0
1758815693.4171975,3.0
1758815693.4284477,3.0
1758815693.4397147,3.0
1758815693.4509819,3.0
1758815693.4621773,3.0
1758815693.473415,3.0
1758815693.4846458,3.0
1758815693.495876,3.0
1758815693.5071216,3.0
1758815693.51831,3.0
1758815693.529542,3.0
1758815693.5407808,3.0
1758815693.552,3.0
1758815693.563211,3.0
1758815693.574434,3.0
1758815693.5856922,3.0
1758815693.5969095,3.0
1758815693.6082902,3.0
1758815693.6195,3.0
1758815693.6307147,3.0
1758815693.6419132,3.0
1758815693.653142,3.0
1758815693.6643822,3.0
1758815693.6756587,3.0
1758815693.6868393,3.0
1758815693.698096,3.0
1758815693.7093403,3.0
1758815693.7205942,3.0
1758815693.7318447,3.0
1758815693.7430675,3.0
1758815693.7543237,3.0
1758815693.7655365,3.0
1758815693.776799,3.0
1758815693.7880855,3.0
1758815693.7993112,3.0
1758815693.8107312,3.0
1758815693.8219388,3.0
1758815693.833229,3.0
1758815693.8445044,3.0
1758815693.8558471,3.0
1758815693.8671668,3.0
1758815693.8792584,3.0
1758815693.890625,3.0
1758815693.9021404,3.0
1758815693.913504,3.0
1758815693.9251869,3.0
1758815693.9365335,3.0
1758815693.9479094,3.0
1758815693.9595504,3.0
1758815693.9707315,3.0
1758815693.981972,3.0
1758815693.99319,3.0
1758815694.0045617,3.0
1758815694.016059,3.0
1758815694.0275345,3.0
1758815694.0390549,3.0
1758815694.0504248,3.0
1758815694.061801,3.0
1758815694.073189,3.0
1758815694.084615,3.0
1758815694.0960996,3.0
1758815694.1075141,3.0
1758815694.118911,3.0
1758815694.1303468,3.0
1758815694.1418378,3.0
1758815694.1532164,3.0
1758815694.1646538,3.0
1758815694.1760395,3.0
1758815694.1874192,3.0
1758815694.1988363,3.0
1758815694.2103515,3.0
1758815694.2217894,3.0
1758815694.2332091,3.0
1758815694.2447636,3.0
1758815694.2564478,3.0
1758815694.2680838,3.0
1758815694.2796566,3.0
1758815694.292814,3.0
1758815694.3043063,3.0
1758815694.3158803,3.0
1758815694.3274693,3.0
1758815694.3389983,3.0
1758815694.3505003,3.0
1758815694.3619666,3.0
1758815694.3734763,3.0
1758815694.384983,3.0
1758815694.397609,3.0
1758815694.413722,3.0
1758815694.4278464,3.0
1758815694.4392033,3.0
1758815694.450743,3.0
1758815694.462351,3.0
1758815694.4739077,3.0
1758815694.4854896,3.0
1758815694.4970653,3.0
1758815694.5088,3.0
1758815694.5204155,3.0
1758815694.5321295,3.0
1758815694.5436153,3.0
1758815694.5554874,3.0
1758815694.5673378,3.0
1758815694.5789769,3.0
1758815694.5988634,2.0
1758815694.6102576,1.0
1758815694.6214974,3.0
1758815694.6329339,3.0
1758815694.6443582,3.0
1758815694.6558607,3.0
1758815694.667399,3.0
1758815694.6796374,3.0
1758815694.6911008,3.0
1758815694.7025788,3.0
1758815694.7140853,3.0
1758815694.7257004,3.0
1758815694.7372143,3.0
1758815694.748709,3.0
1758815694.7602267,3.0
1758815694.771719,3.0
1758815694.783248,3.0
1758815694.794822,3.0
1758815694.8063433,3.0
1758815694.817937,3.0
1758815694.8295693,3.0
1758815694.841517,3.0
1758815694.853326,3.0
1758815694.8661788,3.0
1758815694.878326,3.0
1758815694.8900816,3.0
1758815694.9020438,3.0
1758815694.9131954,3.0
1758815694.9243307,3.0
1758815694.9355571,3.0
1758815694.946698,3.0
1758815694.9582598,3.0
1758815694.9694898,3.0
1758815694.9808059,3.0
1758815694.9921372,3.0
1758815695.003383,3.0
1758815695.0147035,3.0
1758815695.0259092,3.0
1758815695.0371184,3.0
1758815695.048328,3.0
1758815695.0595284,3.0
1758815695.0707238,3.0
1758815695.0819438,3.0
1758815695.0934258,3.0
1758815695.1046727,3.0
1758815695.115919,3.0
1758815695.1271443,3.0
1758815695.1383328,3.0
1758815695.149581,3.0
1758815695.1608357,3.0
1758815695.1720593,3.0
1758815695.1841352,3.0
1758815695.1969848,3.0
1758815695.2072642,3.0
1758815695.2175932,3.0
1758815695.2278678,3.0
1758815695.2381077,3.0
1758815695.2483764,3.0
1758815695.258646,3.0
1758815695.2689176,3.0
1758815695.2791736,3.0
1758815695.2906184,3.0
1758815695.3008442,3.0
1758815695.3110917,3.0
1758815695.3213506,3.0
1758815695.331606,3.0
1758815695.341831,3.0
1758815695.3520827,3.0
1758815695.362338,3.0
1758815695.3734262,1.0
1758815695.384296,3.0
1758815695.3946097,3.0
1758815695.404897,3.0
1758815695.4153032,3.0
1758815695.4255993,3.0
1758815695.4359114,3.0
1758815695.4461987,3.0
1758815695.4565017,3.0
1758815695.4667938,3.0
1758815695.4770937,3.0
1758815695.4873898,3.0
1758815695.4976757,3.0
1758815695.507965,3.0
1758815695.5182416,3.0
1758815695.5285912,3.0
1758815695.5388825,3.0
1758815695.5491664,3.0
1758815695.5629635,2.0
1758815695.5756435,1.0
1758815695.585912,3.0
1758815695.596229,3.0
1758815695.6069245,3.0
1758815695.6173577,3.0
1758815695.6277711,3.0
1758815695.6382186,3.0
1758815695.6486332,3.0
1758815695.6590292,3.0
1758815695.669428,3.0
1758815695.679819,3.0
1758815695.6901932,3.0
1758815695.70064,3.0
1758815695.7111933,3.0
1758815695.7216046,3.0
1758815695.731982,3.0
1758815695.742314,3.0
1758815695.7527273,3.0
1758815695.7631242,3.0
1758815695.7734542,3.0
1758815695.7838087,3.0
1758815695.7941325,3.0
1758815695.8044915,3.0
1758815695.8149376,3.0
1758815695.8252757,3.0
1758815695.8356168,3.0
1758815695.8462226,3.0
1758815695.8566096,3.0
1758815695.8673258,3.0
1758815695.878939,3.0
1758815695.889315,3.0
1758815695.899937,3.0
1758815695.9104252,3.0
1758815695.9212787,3.0
1758815695.933614,3.0
1758815695.9441166,3.0
1758815695.9547648,3.0
1758815695.965215,3.0
1758815695.9756446,3.0
1758815695.986033,3.0
1758815695.9964597,3.0
1758815696.0068655,3.0
1758815696.017356,3.0
1758815696.0277588,3.0
1758815696.038177,3.0
1758815696.0485594,3.0
1758815696.0589662,3.0
1758815696.069351,3.0
1758815696.0797572,3.0
1758815696.0901701,3.0
1758815696.1005726,3.0
1758815696.1109688,3.0
1758815696.1213398,3.0
1758815696.1317394,3.0
1758815696.143979,3.0
1758815696.1543422,3.0
1758815696.164728,3.0
1758815696.1750946,3.0
1758815696.1854713,3.0
1758815696.1958323,3.0
1758815696.206194,3.0
1758815696.216674,3.0
1758815696.227077,3.0
1758815696.2374415,3.0
1758815696.2478309,3.0
1758815696.2581956,3.0
1758815696.2685711,3.0
1758815696.27894,3.0
1758815696.2902675,3.0
1758815696.3006597,3.0
1758815696.3110216,3.0
1758815696.3213632,3.0
1758815696.331733,3.0
1758815696.342178,3.0
1758815696.3525734,3.0
1758815696.362927,3.0
1758815696.3732643,3.0
1758815696.3836231,3.0
1758815696.393986,3.0
1758815696.4043722,3.0
1758815696.414812,3.0
1758815696.4251523,3.0
1758815696.4355235,3.0
1758815696.4458845,3.0
1758815696.4563375,3.0
1758815696.4667284,3.0
1758815696.4771209,3.0
1758815696.4875247,3.0
1758815696.4979157,3.0
1758815696.5083256,3.0
1758815696.5187087,3.0
1758815696.5290573,3.0
1758815696.5394504,3.0
1758815696.5498004,3.0
1758815696.5601878,3.0
1758815696.5705564,3.0
1758815696.5809069,3.0
1758815696.5913103,3.0
1758815696.601716,3.0
1758815696.612185,3.0
1758815696.6225584,3.0
1758815696.6329093,3.0
1758815696.6432881,3.0
1758815696.6536486,3.0
1758815696.664036,3.0
1758815696.674388,3.0
1758815696.6847718,3.0
1758815696.6951501,3.0
1758815696.705509,3.0
1758815696.715882,3.0
1758815696.7262797,3.0
1758815696.7367015,3.0
1758815696.7470634,3.0
1758815696.757483,3.0
1758815696.7678888,3.0
1758815696.7783782,3.0
1758815696.7887611,3.0
1758815696.799129,3.0
1758815696.809477,3.0
1758815696.8199065,3.0
1758815696.830276,3.0
1758815696.8410506,3.0
1758815696.8514216,3.0
1758815696.8618488,3.0
1758815696.8728411,3.0
1758815696.8834467,3.0
1758815696.8940697,3.0
1758815696.904403,3.0
1758815696.9149203,3.0
1758815696.9254496,3.0
1758815696.935931,3.0
1758815696.9464035,3.0
1758815696.9569829,3.0
1758815696.9698758,2.0
1758815696.9803696,3.0
1758815696.990851,3.0
1758815697.0012956,3.0
1758815697.011749,3.0
1758815697.0222437,3.0
1758815697.0326843,3.0
1758815697.043134,3.0
1758815697.05355,3.0
1758815697.0639958,3.0
1758815697.0744083,3.0
1758815697.0848482,3.0
1758815697.0952916,3.0
1758815697.1057115,3.0
1758815697.1161408,3.0
1758815697.1265714,3.0
1758815697.1369693,3.0
1758815697.1474123,3.0
1758815697.1578317,3.0
1758815697.168257,3.0
1758815697.1798785,3.0
1758815697.1905034,3.0
1758815697.2009082,3.0
1758815697.2113256,3.0
1758815697.2218616,3.0
1758815697.23227,3.0
1758815697.242676,3.0
1758815697.2530994,3.0
1758815697.2635198,3.0
1758815697.2740598,3.0
1758815697.284486,3.0
1758815697.2959478,3.0
1758815697.306255,3.0
1758815697.3165798,3.0
1758815697.326929,3.0
1758815697.3374622,3.0
1758815697.3485947,3.0
1758815697.3598661,3.0
1758815697.3712122,3.0
1758815697.3825805,3.0
1758815697.3939426,3.0
1758815697.4053202,3.0
1758815697.4168108,3.0
1758815697.4281948,3.0
1758815697.439563,3.0
1758815697.4509091,3.0
1758815697.4622328,3.0
1758815697.4735794,3.0
1758815697.4850354,3.0
1758815697.4963694,3.0
1758815697.5077095,3.0
1758815697.5190353,3.0
1758815697.5303507,3.0
1758815697.5417025,3.0
1758815697.5530298,3.0
1758815697.5643659,3.0
1758815697.5756683,3.0
1758815697.587008,3.0
1758815697.5983565,3.0
1758815697.609687,3.0
1758815697.6210544,3.0
1758815697.6323986,3.0
1758815697.6437259,3.0
1758815697.6550288,3.0
1758815697.6663287,3.0
1758815697.6776888,3.0
1758815697.6889982,3.0
1758815697.7003636,3.0
1758815697.7116838,3.0
1758815697.7229793,3.0
1758815697.7342923,3.0
1758815697.745967,3.0
1758815697.757351,3.0
1758815697.768702,3.0
1758815697.7800126,3.0
1758815697.7913585,3.0
1758815697.802642,3.0
1758815697.814142,3.0
1758815697.8255956,3.0
1758815697.8370411,3.0
1758815697.8485284,3.0
1758815697.8598528,3.0
1758815697.8717554,3.0
1758815697.8837757,3.0
1758815697.8957999,3.0
1758815697.907147,3.0
1758815697.9189394,3.0
1758815697.9303272,3.0
1758815697.941776,3.0
1758815697.9531534,3.0
1758815697.9650836,3.0
1758815697.976639,3.0
1758815697.9881334,3.0
1758815697.9996414,3.0
1758815698.010978,3.0
1758815698.0223534,3.0
1758815698.033652,3.0
1758815698.0449302,3.0
1758815698.0561912,3.0
1758815698.067499,3.0
1758815698.078788,3.0
1758815698.0900373,3.0
1758815698.1013253,3.0
1758815698.1125834,3.0
1758815698.1239016,3.0
1758815698.1354523,3.0
1758815698.146765,3.0
1758815698.1580436,3.0
1758815698.169321,3.0
1758815698.1806142,3.0
1758815698.1918905,3.0
1758815698.203161,3.0
1758815698.214545,3.0
1758815698.2258658,3.0
1758815698.237166,3.0
1758815698.248457,3.0
1758815698.2597258,3.0
1758815698.271015,3.0
1758815698.2822459,3.0
1758815698.294876,3.0
1758815698.3065894,3.0
1758815698.3178647,3.0
1758815698.329286,3.0
1758815698.3405888,3.0
1758815698.3519,3.0
1758815698.3634145,3.0
1758815698.3747025,3.0
1758815698.3859794,3.0
1758815698.3972552,3.0
1758815698.4085512,3.0
1758815698.419997,3.0
1758815698.431679,3.0
1758815698.4430134,3.0
1758815698.4546058,3.0
1758815698.4660954,3.0
1758815698.4778547,3.0
1758815698.489323,3.0
1758815698.5010667,3.0
1758815698.5125968,3.0
1758815698.5241156,3.0
1758815698.535643,3.0
1758815698.5469956,3.0
1758815698.5583317,3.0
1758815698.5696688,3.0
1758815698.5823696,3.0
1758815698.5937567,3.0
1758815698.6050732,3.0
1758815698.616556,3.0
1758815698.6279302,3.0
1758815698.6393065,3.0
1758815698.6506517,3.0
1758815698.6619446,3.0
1758815698.673309,3.0
1758815698.684615,3.0
1758815698.6959462,3.0
1758815698.707285,3.0
1758815698.7186282,3.0
1758815698.7316525,3.0
1758815698.74296,3.0
1758815698.7543056,3.0
1758815698.765652,3.0
1758815698.7769945,3.0
1758815698.7883577,3.0
1758815698.799701,3.0
1758815698.8109906,3.0
1758815698.822384,3.0
1758815698.833717,3.0
1758815698.845508,3.0
1758815698.8568816,3.0
1758815698.8708057,3.0
1758815698.8820634,3.0
1758815698.8935926,3.0
1758815698.9049244,3.0
1758815698.9166584,3.0
1758815698.9280415,3.0
1758815698.9394639,3.0
1758815698.9509697,3.0
1758815698.9623222,3.0
1758815698.9737098,3.0
1758815698.985114,3.0
1758815698.996517,3.0
1758815699.007952,3.0
1758815699.019399,3.0
1758815699.03078,3.0
1758815699.0421543,3.0
1758815699.0535378,3.0
1758815699.0648937,3.0
1758815699.0762808,3.0
1758815699.0876584,3.0
1758815699.0996435,3.0
1758815699.1110466,3.0
1758815699.122418,3.0
1758815699.1338532,3.0
1758815699.1452906,3.0
1758815699.1567042,3.0
1758815699.1680977,3.0
1758815699.1808786,3.0
1758815699.1921322,3.0
1758815699.2024803,3.0
1758815699.2128286,3.0
1758815699.223244,3.0
1758815699.2335773,3.0
1758815699.2439413,3.0
1758815699.2542727,3.0
1758815699.264622,3.0
1758815699.2749615,3.0
1758815699.285593,3.0
1758815699.296877,3.0
1758815699.3072214,3.0
1758815699.317551,3.0
1758815699.3279226,3.0
1758815699.33826,3.0
1758815699.3486235,3.0
1758815699.3589873,3.0
1758815699.3693237,3.0
1758815699.3796754,3.0
1758815699.3900108,3.0
1758815699.4003804,3.0
1758815699.410728,3.0
1758815699.4211464,3.0
1758815699.4314976,3.0
1758815699.4418235,3.0
1758815699.4521928,3.0
1758815699.4625604,3.0
1758815699.472901,3.0
1758815699.4832819,3.0
1758815699.4936202,3.0
1758815699.5039923,3.0
1758815699.5143273,3.0
1758815699.5246856,3.0
1758815699.5350366,3.0
1758815699.5453687,3.0
1758815699.5557384,3.0
1758815699.566122,3.0
1758815699.5764754,3.0
1758815699.5870178,3.0
1758815699.5976136,3.0
1758815699.6081371,3.0
1758815699.618665,3.0
1758815699.629031,3.0
1758815699.639358,3.0
1758815699.6497128,3.0
1758815699.6603017,3.0
1758815699.67066,3.0
1758815699.6809814,3.0
1758815699.691349,3.0
1758815699.701708,3.0
1758815699.712859,3.0
1758815699.7232015,3.0
1758815699.7335746,3.0
1758815699.743927,3.0
1758815699.7542691,3.0
1758815699.7646146,3.0
1758815699.7749999,3.0
1758815699.7868361,3.0
1758815699.7976968,3.0
1758815699.8109047,3.0
1758815699.8214855,3.0
1758815699.8319767,3.0
1758815699.8436115,3.0
1758815699.8540428,3.0
1758815699.8645163,3.0
1758815699.8754094,3.0
1758815699.8860118,3.0
1758815699.896833,3.0
1758815699.9072745,3.0
1758815699.917887,3.0
1758815699.928309,3.0
1758815699.9387836,3.0
1758815699.949263,3.0
1758815699.960182,3.0
1758815699.9706583,3.0
1758815699.9810975,3.0
1758815699.991601,3.0
1758815700.0020702,3.0
1758815700.0125508,3.0
1758815700.0231655,3.0
1758815700.033592,3.0
1758815700.0440536,3.0
1758815700.054508,3.0
1758815700.0649743,3.0
1758815700.0754416,3.0
1758815700.0858905,3.0
1758815700.0963578,3.0
1758815700.1068501,3.0
1758815700.117325,3.0
1758815700.127793,3.0
1758815700.1382282,3.0
1758815700.1487002,3.0
1758815700.1591969,3.0
1758815700.169614,3.0
1758815700.1865788,3.0
1758815700.1974468,1.0
1758815700.2078857,3.0
1758815700.2183628,3.0
1758815700.2287676,3.0
1758815700.23917,3.0
1758815700.249571,3.0
1758815700.2601385,3.0
1758815700.27056,3.0
1758815700.2809303,3.0
1758815700.2925222,3.0
1758815700.3028896,3.0
1758815700.3132899,3.0
1758815700.3237076,3.0
1758815700.3340895,3.0
1758815700.344546,3.0
1758815700.3549683,3.0
1758815700.3653584,3.0
1758815700.3757806,3.0
1758815700.386185,3.0
1758815700.3966007,3.0
1758815700.4069972,3.0
1758815700.4175053,3.0
1758815700.4279387,3.0
1758815700.4383152,3.0
1758815700.4487154,3.0
1758815700.4591327,3.0
1758815700.4695265,3.0
1758815700.4801462,3.0
1758815700.4905436,3.0
1758815700.5009427,3.0
1758815700.511342,3.0
1758815700.5217369,3.0
1758815700.5321372,3.0
1758815700.5425372,3.0
1758815700.5529628,3.0
1758815700.5633762,3.0
1758815700.5737536,3.0
1758815700.5841684,3.0
1758815700.5946026,3.0
1758815700.6049817,3.0
1758815700.6153924,3.0
1758815700.625851,3.0
1758815700.636262,3.0
1758815700.6466777,3.0
1758815700.6570704,3.0
1758815700.6674926,3.0
1758815700.677886,3.0
1758815700.688297,3.0
1758815700.6987,3.0
1758815700.7091005,3.0
1758815700.7195084,3.0
1758815700.7299042,3.0
1758815700.7403195,3.0
1758815700.7507412,3.0
1758815700.7611327,3.0
1758815700.7715514,3.0
1758815700.7819335,3.0
1758815700.792341,3.0
1758815700.8027549,3.0
1758815700.8131475,3.0
1758815700.8236372,3.0
1758815700.8340366,3.0
1758815700.8444626,3.0
1758815700.8548794,3.0
1758815700.8663433,3.0
1758815700.8776631,3.0
1758815700.888169,3.0
1758815700.8988423,3.0
1758815700.9094753,3.0
1758815700.9216986,1.0
1758815700.9340394,1.0
1758815700.9463806,1.0
1758815700.958788,1.0
1758815700.971173,1.0
1758815700.9835665,1.0
1758815700.9959686,1.0
1758815701.0083344,1.0
1758815701.0207627,1.0
1758815701.0331683,1.0
1758815701.045561,1.0
1758815701.0579329,1.0
1758815701.0703394,1.0
1758815701.082724,1.0
1758815701.0951972,1.0
1758815701.1076872,1.0
1758815701.1210384,1.0
1758815701.133416,1.0
1758815701.145815,1.0
1758815701.1578376,1.0
1758815701.1701787,1.0
1758815701.1830225,1.0
1758815701.193407,3.0
1758815701.203802,3.0
1758815701.2141747,3.0
1758815701.2247021,3.0
1758815701.2350888,3.0
1758815701.2454598,3.0
1758815701.2558436,3.0
1758815701.266197,3.0
1758815701.2768083,3.0
1758815701.2871692,3.0
1758815701.297884,2.0
1758815701.3082848,3.0
1758815701.3186688,3.0
1758815701.329016,3.0
1758815701.3393993,3.0
1758815701.3497515,3.0
1758815701.3601274,3.0
1758815701.3705158,3.0
1758815701.381166,3.0
1758815701.3923116,3.0
1758815701.4036286,3.0
1758815701.414928,3.0
1758815701.4263566,3.0
1758815701.437805,3.0
1758815701.4495833,3.0
1758815701.461036,3.0
1758815701.472473,3.0
1758815701.4838927,3.0
1758815701.495286,3.0
1758815701.5066936,3.0
1758815701.518062,3.0
1758815701.5294378,3.0
1758815701.5496838,2.0
1758815701.5639257,1.0
1758815701.5781384,1.0
1758815701.5913236,2.0
1758815701.6027112,3.0
1758815701.614178,3.0
1758815701.6258032,3.0
1758815701.6372714,3.0
1758815701.64875,3.0
1758815701.6602309,3.0
1758815701.6716783,3.0
1758815701.6831625,3.0
1758815701.6946244,3.0
1758815701.7060552,3.0
1758815701.7175303,3.0
1758815701.7289953,3.0
1758815701.7404642,3.0
1758815701.7519608,3.0
1758815701.7634342,3.0
1758815701.7749069,3.0
1758815701.786388,3.0
1758815701.7978213,3.0
1758815701.809293,3.0
1758815701.820789,3.0
1758815701.8322809,3.0
1758815701.8437815,3.0
1758815701.8552246,3.0
1758815701.868612,3.0
1758815701.8802226,3.0
1758815701.891729,3.0
1758815701.903245,3.0
1758815701.9153254,3.0
1758815701.9268575,3.0
1758815701.9383678,3.0
1758815701.949884,3.0
1758815701.9615948,3.0
1758815701.9731393,3.0
1758815701.9846337,3.0
1758815701.996174,3.0
1758815702.0076807,3.0
1758815702.0191746,3.0
1758815702.0306902,3.0
1758815702.0421977,3.0
1758815702.053703,3.0
1758815702.0652282,3.0
1758815702.0766897,3.0
1758815702.0881753,3.0
1758815702.099643,3.0
1758815702.111083,3.0
1758815702.1225336,3.0
1758815702.1339717,3.0
1758815702.1454532,3.0
1758815702.1569054,3.0
1758815702.168373,3.0
1758815702.1798096,3.0
1758815702.1913092,3.0
1758815702.2027512,3.0
1758815702.2141833,3.0
1758815702.2257378,3.0
1758815702.2372267,3.0
1758815702.2486706,3.0
1758815702.2606814,3.0
1758815702.272179,3.0
1758815702.2836797,3.0
1758815702.296539,3.0
1758815702.3080337,3.0
1758815702.319561,3.0
1758815702.331052,3.0
1758815702.3425603,3.0
1758815702.3541577,3.0
1758815702.3656497,3.0
1758815702.3771212,3.0
1758815702.3885567,3.0
1758815702.400046,3.0
1758815702.4115095,3.0
1758815702.423051,3.0
1758815702.4345248,3.0
1758815702.445967,3.0
1758815702.4574606,3.0
1758815702.468895,3.0
1758815702.480352,3.0
1758815702.4917986,3.0
1758815702.5032585,3.0
1758815702.514737,3.0
1758815702.5261765,3.0
1758815702.5376832,3.0
1758815702.54911,3.0
1758815702.5605326,3.0
1758815702.5719504,3.0
1758815702.583387,3.0
1758815702.5948167,3.0
1758815702.6069233,3.0
1758815702.6183102,3.0
1758815702.6298313,3.0
1758815702.6412709,3.0
1758815702.6526816,3.0
1758815702.664135,3.0
1758815702.6755652,3.0
1758815702.6869705,3.0
1758815702.6984036,3.0
1758815702.709871,3.0
1758815702.7213068,3.0
1758815702.7327461,3.0
1758815702.7441907,3.0
1758815702.7556155,3.0
1758815702.7670255,3.0
1758815702.7784202,3.0
1758815702.7898703,3.0
1758815702.8012877,3.0
1758815702.8127213,3.0
1758815702.8241754,3.0
1758815702.8355966,3.0
1758815702.847353,3.0
1758815702.8588002,3.0
1758815702.8711233,3.0
1758815702.883098,3.0
1758815702.894736,3.0
1758815702.9061656,3.0
1758815702.91838,3.0
1758815702.9298675,3.0
1758815702.9414303,3.0
1758815702.9530032,3.0
1758815702.964714,3.0
1758815702.9762642,3.0
1758815702.9878345,3.0
1758815702.9993956,3.0
1758815703.010942,3.0
1758815703.0226464,3.0
1758815703.0341256,3.0
1758815703.0456195,3.0
1758815703.057117,3.0
1758815703.0686078,3.0
1758815703.08027,3.0
1758815703.0917397,3.0
1758815703.1032503,3.0
1758815703.114743,3.0
1758815703.1261604,3.0
1758815703.1378298,3.0
1758815703.1492846,3.0
1758815703.1607103,3.0
1758815703.1721497,3.0
1758815703.1836534,3.0
1758815703.1952317,3.0
1758815703.2058973,3.0
1758815703.2164226,3.0
1758815703.2270324,3.0
1758815703.2375076,3.0
1758815703.2479992,3.0
1758815703.2584634,3.0
1758815703.2689128,3.0
1758815703.2793162,3.0
1758815703.291181,3.0
1758815703.3015487,3.0
1758815703.31263,3.0
1758815703.3230448,3.0
1758815703.3334527,3.0
1758815703.3438568,3.0
1758815703.354275,3.0
1758815703.3646843,3.0
1758815703.375168,3.0
1758815703.3855283,3.0
1758815703.39588,3.0
1758815703.4062161,3.0
1758815703.4165728,3.0
1758815703.4272175,3.0
1758815703.4377098,3.0
1758815703.4483626,3.0
1758815703.4587495,3.0
1758815703.469113,3.0
1758815703.479465,3.0
1758815703.4898207,3.0
1758815703.5001867,3.0
1758815703.5106008,3.0
1758815703.520939,3.0
1758815703.5312855,3.0
1758815703.5416374,3.0
1758815703.5519896,3.0
1758815703.562314,3.0
1758815703.572669,3.0
1758815703.5830166,3.0
1758815703.5933597,3.0
1758815703.6037157,3.0
1758815703.6140456,3.0
1758815703.6244953,3.0
1758815703.6348763,3.0
1758815703.6452084,3.0
1758815703.655563,3.0
1758815703.6658978,3.0
1758815703.676293,3.0
1758815703.6866899,3.0
1758815703.6970139,3.0
1758815703.70738,3.0
1758815703.7177167,3.0
1758815703.728062,3.0
1758815703.7383997,3.0
1758815703.748758,3.0
1758815703.759115,3.0
1758815703.769451,3.0
1758815703.7797832,3.0
1758815703.7901087,3.0
1758815703.800463,3.0
1758815703.8108277,3.0
1758815703.8211586,3.0
1758815703.8315573,3.0
1758815703.8421562,3.0
1758815703.8524985,3.0
1758815703.8628561,3.0
1758815703.8735852,3.0
1758815703.8841972,3.0
1758815703.8947875,3.0
1758815703.9051583,3.0
1758815703.915678,3.0
1758815703.9261174,3.0
1758815703.9365363,3.0
1758815703.946939,3.0
1758815703.9573157,3.0
1758815703.9677663,3.0
1758815703.978071,3.0
1758815703.9884036,3.0
1758815703.9987252,3.0
1758815704.0090284,3.0
1758815704.019348,3.0
1758815704.0297623,3.0
1758815704.0400782,3.0
1758815704.0503914,3.0
1758815704.0607185,3.0
1758815704.0710452,3.0
1758815704.081357,3.0
1758815704.0916722,3.0
1758815704.101975,3.0
1758815704.1123064,3.0
1758815704.1226404,3.0
1758815704.1329625,3.0
1758815704.143287,3.0
1758815704.1536005,3.0
1758815704.1639273,3.0
1758815704.174236,3.0
1758815704.1845605,3.0
1758815704.1948795,3.0
1758815704.2051768,3.0
1758815704.2154958,3.0
1758815704.2259645,3.0
1758815704.2363076,3.0
1758815704.2466261,3.0
1758815704.2569194,3.0
1758815704.2672257,3.0
1758815704.277529,3.0
1758815704.2892919,3.0
1758815704.2997818,3.0
1758815704.31015,3.0
1758815704.3205533,3.0
1758815704.3309314,3.0
1758815704.3412914,3.0
1758815704.351681,3.0
1758815704.3620412,3.0
1758815704.3724248,3.0
1758815704.382796,3.0
1758815704.3931403,3.0
1758815704.4035263,3.0
1758815704.4138675,3.0
1758815704.4243968,3.0
1758815704.4347613,3.0
1758815704.4451408,3.0
1758815704.4555044,3.0
1758815704.4658823,3.0
1758815704.476261,3.0
1758815704.4866493,3.0
1758815704.4969897,3.0
1758815704.5073798,3.0
1758815704.518056,3.0
1758815704.5284395,3.0
1758815704.5388093,3.0
1758815704.549175,3.0
1758815704.5596483,3.0
1758815704.5699985,3.0
1758815704.5803797,3.0
1758815704.5907583,3.0
1758815704.6011436,3.0
1758815704.6115274,3.0
1758815704.6218705,3.0
1758815704.632323,3.0
1758815704.642698,3.0
1758815704.6532686,3.0
1758815704.663635,3.0
1758815704.674029,3.0
1758815704.6843827,3.0
1758815704.6947696,3.0
1758815704.7051332,3.0
1758815704.7155247,3.0
1758815704.725878,3.0
1758815704.7362556,3.0
1758815704.746628,3.0
1758815704.7569928,3.0
1758815704.7673745,3.0
1758815704.777737,3.0
1758815704.7880845,3.0
1758815704.7984617,3.0
1758815704.8088324,3.0
1758815704.8192375,3.0
1758815704.8297474,3.0
1758815704.840521,3.0
1758815704.8508806,3.0
1758815704.8612368,3.0
1758815704.871684,3.0
1758815704.8823345,3.0
1758815704.8927884,3.0
1758815704.9034848,3.0
1758815704.913899,3.0
1758815704.924475,3.0
1758815704.9348907,3.0
1758815704.9452786,3.0
1758815704.955668,3.0
1758815704.9662623,3.0
1758815704.9766579,3.0
1758815704.9870627,3.0
1758815704.997456,3.0
1758815705.007831,3.0
1758815705.0181758,3.0
1758815705.0286105,3.0
1758815705.0389867,3.0
1758815705.0493333,3.0
1758815705.059698,3.0
1758815705.0700471,3.0
1758815705.0804522,3.0
1758815705.0908337,3.0
1758815705.101638,3.0
1758815705.1120303,3.0
1758815705.1223977,3.0
1758815705.1327832,3.0
1758815705.1431785,3.0
1758815705.1535356,3.0
1758815705.1639132,3.0
1758815705.1742952,3.0
1758815705.1847887,3.0
1758815705.1952407,3.0
1758815705.2055838,3.0
1758815705.2159674,3.0
1758815705.2263963,3.0
1758815705.2367694,3.0
1758815705.2471542,3.0
1758815705.2575214,3.0
1758815705.2679026,3.0
1758815705.2782538,3.0
1758815705.2897594,3.0
1758815705.3001564,3.0
1758815705.310538,3.0
1758815705.3208888,3.0
1758815705.3315845,3.0
1758815705.3426774,3.0
1758815705.353893,3.0
1758815705.3652232,3.0
1758815705.3785126,3.0
1758815705.3901255,3.0
1758815705.4017475,3.0
1758815705.413342,3.0
1758815705.4250093,3.0
1758815705.4375222,3.0
1758815705.449018,3.0
1758815705.4605098,3.0
1758815705.4720442,3.0
1758815705.4835615,3.0
1758815705.4950655,3.0
1758815705.5066037,3.0
1758815705.5180933,3.0
1758815705.5296047,3.0
1758815705.5467896,2.0
1758815705.5597074,1.0
1758815705.5708299,3.0
1758815705.5822153,3.0
1758815705.5935907,3.0
1758815705.6050363,3.0
1758815705.6164603,3.0
1758815705.6280127,3.0
1758815705.6393688,3.0
1758815705.6507537,3.0
1758815705.662088,3.0
1758815705.673484,3.0
1758815705.684896,3.0
1758815705.6966138,3.0
1758815705.7080126,3.0
1758815705.7194908,3.0
1758815705.7308466,3.0
1758815705.7408638,2.0
1758815705.7520788,3.0
1758815705.7635207,3.0
1758815705.7748828,3.0
1758815705.78622,3.0
1758815705.7977312,3.0
1758815705.8090935,3.0
1758815705.8208559,3.0
1758815705.832265,3.0
1758815705.843607,3.0
1758815705.85495,3.0
1758815705.8683538,3.0
1758815705.8795424,3.0
1758815705.890996,3.0
1758815705.902306,3.0
1758815705.9140089,3.0
1758815705.9252892,3.0
1758815705.9365497,3.0
1758815705.9478178,3.0
1758815705.9591367,3.0
1758815705.9705012,3.0
1758815705.98182,3.0
1758815705.9931576,3.0
1758815706.0045137,3.0
1758815706.015872,3.0
1758815706.027333,3.0
1758815706.0398357,3.0
1758815706.0511594,3.0
1758815706.0625439,3.0
1758815706.0739555,3.0
1758815706.0853581,3.0
1758815706.0967476,3.0
1758815706.1081698,3.0
1758815706.1195087,3.0
1758815706.1308887,3.0
1758815706.1422002,3.0
1758815706.1536226,3.0
1758815706.1649864,3.0
1758815706.176335,3.0
1758815706.187685,3.0
1758815706.1990395,3.0
1758815706.210378,3.0
1758815706.221735,3.0
1758815706.233101,3.0
1758815706.2444637,3.0
1758815706.2557936,3.0
1758815706.2671611,3.0
1758815706.2785282,3.0
1758815706.2913547,3.0
1758815706.3057718,1.0
1758815706.319889,1.0
1758815706.3338916,1.0
1758815706.3479514,1.0
1758815706.3621116,1.0
1758815706.3745306,2.0
1758815706.3859465,3.0
1758815706.3975725,3.0
1758815706.4089375,3.0
1758815706.4201195,3.0
1758815706.4313946,3.0
1758815706.4426122,3.0
1758815706.4537702,3.0
1758815706.464942,3.0
1758815706.4760926,3.0
1758815706.487244,3.0
1758815706.4983776,3.0
1758815706.509533,3.0
1758815706.5207121,3.0
1758815706.5319095,3.0
1758815706.5430286,3.0
1758815706.5541816,3.0
1758815706.5653245,3.0
1758815706.5764802,3.0
1758815706.5876293,3.0
1758815706.598829,3.0
1758815706.6099954,3.0
1758815706.6211157,3.0
1758815706.6324134,3.0
1758815706.6435738,3.0
1758815706.6547203,3.0
1758815706.665838,3.0
1758815706.6769588,3.0
1758815706.6881008,3.0
1758815706.6992335,3.0
1758815706.7103896,3.0
1758815706.7216117,3.0
1758815706.732787,3.0
1758815706.7439272,3.0
1758815706.7550838,3.0
1758815706.7662005,3.0
1758815706.7773566,3.0
1758815706.7885184,3.0
1758815706.7997308,3.0
1758815706.8109117,3.0
1758815706.8220532,3.0
1758815706.8333325,3.0
1758815706.8445747,3.0
1758815706.8559637,3.0
1758815706.8673918,3.0
1758815706.8799205,3.0
1758815706.8911169,3.0
1758815706.9027073,3.0
1758815706.915186,3.0
1758815706.9263918,3.0
1758815706.9377725,3.0
1758815706.9491658,3.0
1758815706.9648566,3.0
1758815706.975994,3.0
1758815706.987348,3.0
1758815706.9986885,3.0
1758815707.0099764,3.0
1758815707.0212972,3.0
1758815707.0326746,3.0
1758815707.0440216,3.0
1758815707.0553124,3.0
1758815707.0666647,3.0
1758815707.0779858,3.0
1758815707.0893273,3.0
1758815707.1006958,3.0
1758815707.112009,3.0
1758815707.1233382,3.0
1758815707.13468,3.0
1758815707.1460092,3.0
1758815707.157358,3.0
1758815707.1685069,3.0
1758815707.181119,3.0
1758815707.1930594,3.0
1758815707.2033882,3.0
1758815707.2137024,3.0
1758815707.2239401,3.0
1758815707.2342074,3.0
1758815707.2444196,3.0
1758815707.2546177,3.0
1758815707.264808,3.0
1758815707.274993,3.0
1758815707.2851622,3.0
1758815707.296535,3.0
1758815707.3067126,3.0
1758815707.316869,3.0
1758815707.3270407,3.0
1758815707.3371968,3.0
1758815707.347383,3.0
1758815707.3575692,3.0
1758815707.3677518,3.0
1758815707.377913,3.0
1758815707.3880863,3.0
1758815707.3982997,3.0
1758815707.4084985,3.0
1758815707.418679,3.0
1758815707.4288461,3.0
1758815707.4390779,3.0
1758815707.4492445,3.0
1758815707.4594557,3.0
1758815707.4696326,3.0
1758815707.479813,3.0
1758815707.489981,3.0
1758815707.5001929,3.0
1758815707.5103703,3.0
1758815707.5205574,3.0
1758815707.5307279,3.0
1758815707.5408974,3.0
1758815707.551094,3.0
1758815707.5612743,3.0
1758815707.5714495,3.0
1758815707.5816064,3.0
1758815707.5917869,3.0
1758815707.6020184,3.0
1758815707.6122184,3.0
1758815707.6223812,3.0
1758815707.632696,3.0
1758815707.642881,3.0
1758815707.6530614,3.0
1758815707.6632478,3.0
1758815707.6734142,3.0
1758815707.6835942,3.0
1758815707.6937516,3.0
1758815707.7039366,3.0
1758815707.7141297,3.0
1758815707.724311,3.0
1758815707.7344744,3.0
1758815707.7446454,3.0
1758815707.7548182,3.0
1758815707.764982,3.0
1758815707.7751606,3.0
1758815707.7853224,3.0
1758815707.795499,3.0
1758815707.8056583,3.0
1758815707.815844,3.0
1758815707.826012,3.0
1758815707.8362958,3.0
1758815707.8470085,3.0
1758815707.857175,3.0
1758815707.8677065,3.0
1758815707.8789463,3.0
1758815707.8891609,3.0
1758815707.8993933,3.0
1758815707.9095929,3.0
1758815707.920261,3.0
1758815707.9305758,3.0
1758815707.940768,3.0
1758815707.950971,3.0
1758815707.967769,3.0
1758815707.9781647,1.0
1758815707.9883971,3.0
1758815707.9986134,3.0
1758815708.0087752,3.0
1758815708.0189888,3.0
1758815708.0293486,3.0
1758815708.0395713,3.0
1758815708.0497434,3.0
1758815708.0599225,3.0
1758815708.0702674,3.0
1758815708.0804725,3.0
1758815708.0906758,3.0
1758815708.100845,3.0
1758815708.1110227,3.0
1758815708.1216626,3.0
1758815708.1320064,3.0
1758815708.1422312,3.0
1758815708.1524367,3.0
1758815708.1627815,3.0
1758815708.173042,3.0
1758815708.1832905,3.0
1758815708.1934772,3.0
1758815708.2036767,3.0
1758815708.213846,3.0
1758815708.2240512,3.0
1758815708.2343013,3.0
1758815708.2445002,3.0
1758815708.2547076,3.0
1758815708.2648637,3.0
1758815708.2750447,3.0
1758815708.2852194,3.0
1758815708.2965724,3.0
1758815708.3069465,3.0
1758815708.3171291,3.0
1758815708.3273141,3.0
1758815708.3374674,3.0
1758815708.3476667,3.0
1758815708.357838,3.0
1758815708.368013,3.0
1758815708.3781688,3.0
1758815708.388364,3.0
1758815708.3985438,3.0
1758815708.4087138,3.0
1758815708.4188917,3.0
1758815708.4291396,3.0
1758815708.4393678,3.0
1758815708.4495523,3.0
1758815708.459754,3.0
1758815708.4699144,3.0
1758815708.4801083,3.0
1758815708.4902728,3.0
1758815708.500447,3.0
1758815708.5106544,3.0
1758815708.52082,3.0
1758815708.5309987,3.0
1758815708.5411632,3.0
1758815708.5513685,3.0
1758815708.5615468,3.0
1758815708.5717247,3.0
1758815708.5818906,3.0
1758815708.5920703,3.0
1758815708.6022677,3.0
1758815708.612449,3.0
1758815708.6226327,3.0
1758815708.6329405,3.0
1758815708.643136,3.0
1758815708.653304,3.0
1758815708.663494,3.0
1758815708.6736865,3.0
1758815708.6838636,3.0
1758815708.6940265,3.0
1758815708.7042153,3.0
1758815708.7143936,3.0
1758815708.7245872,3.0
1758815708.734764,3.0
1758815708.7449262,3.0
1758815708.755108,3.0
1758815708.765274,3.0
1758815708.7754984,3.0
1758815708.7856762,3.0
1758815708.7958593,3.0
1758815708.8060443,3.0
1758815708.8162282,3.0
1758815708.8264105,3.0
1758815708.8367028,3.0
1758815708.8472202,3.0
1758815708.8574085,3.0
1758815708.8683546,3.0
1758815708.879598,3.0
1758815708.8898098,3.0
1758815708.9000254,3.0
1758815708.910438,3.0
1758815708.9208922,3.0
1758815708.9311078,3.0
1758815708.9413106,3.0
1758815708.9517488,3.0
1758815708.9620771,3.0
1758815708.9724145,3.0
1758815708.9826555,3.0
1758815708.992844,3.0
1758815709.0030448,3.0
1758815709.0132072,3.0
1758815709.0234003,3.0
1758815709.033694,3.0
1758815709.0438995,3.0
1758815709.0540745,3.0
1758815709.0642807,3.0
1758815709.074442,3.0
1758815709.0846272,3.0
1758815709.094823,3.0
1758815709.1049962,3.0
1758815709.1151748,3.0
1758815709.1253436,3.0
1758815709.135516,3.0
1758815709.145694,3.0
1758815709.15587,3.0
1758815709.1660476,3.0
1758815709.176265,3.0
1758815709.1867101,3.0
1758815709.197085,3.0
1758815709.2074468,3.0
1758815709.217783,3.0
1758815709.2281516,3.0
1758815709.2384953,3.0
1758815709.248854,3.0
1758815709.2592022,3.0
1758815709.2695432,3.0
1758815709.2799098,3.0
1758815709.2919283,3.0
1758815709.3022325,3.0
1758815709.3125937,3.0
1758815709.3228812,3.0
1758815709.3337305,3.0
1758815709.3448763,3.0
1758815709.3560724,3.0
1758815709.367275,3.0
1758815709.3784997,3.0
1758815709.3896835,3.0
1758815709.4008937,3.0
1758815709.4121149,3.0
1758815709.4233227,3.0
1758815709.4346623,3.0
1758815709.445854,3.0
1758815709.4570284,3.0
1758815709.4681985,3.0
1758815709.4793816,3.0
1758815709.490558,3.0
1758815709.5016963,3.0
1758815709.5128915,3.0
1758815709.5240576,3.0
1758815709.5352285,3.0
1758815709.5463724,3.0
1758815709.5575984,3.0
1758815709.568757,3.0
1758815709.5799189,3.0
1758815709.591116,3.0
1758815709.6022925,3.0
1758815709.6134212,3.0
1758815709.624602,3.0
1758815709.6359577,3.0
1758815709.6471252,3.0
1758815709.658635,3.0
1758815709.669781,3.0
1758815709.6809328,3.0
1758815709.692144,3.0
1758815709.7032833,3.0
1758815709.7144036,3.0
1758815709.7255976,3.0
1758815709.7367449,3.0
1758815709.747891,3.0
1758815709.7598572,3.0
1758815709.771131,3.0
1758815709.782274,3.0
1758815709.7934318,3.0
1758815709.804588,3.0
1758815709.815738,3.0
1758815709.8269331,3.0
1758815709.8381472,3.0
1758815709.8495424,3.0
1758815709.8607228,3.0
1758815709.8740597,3.0
1758815709.8855076,3.0
1758815709.897407,3.0
1758815709.9087396,3.0
1758815709.920578,3.0
1758815709.9318075,3.0
1758815709.9429975,3.0
1758815709.9544156,3.0
1758815709.965575,3.0
1758815709.9767272,3.0
1758815709.9878979,3.0
1758815709.9990537,3.0
1758815710.01065,3.0
1758815710.02206,3.0
1758815710.0337603,3.0
1758815710.045198,3.0
1758815710.056397,3.0
1758815710.0675426,3.0
1758815710.078707,3.0
1758815710.0898366,3.0
1758815710.100995,3.0
1758815710.112145,3.0
1758815710.1232862,3.0
1758815710.1344507,3.0
1758815710.1456072,3.0
1758815710.1567776,3.0
1758815710.167933,3.0
1758815710.1790798,3.0
1758815710.1902444,3.0
1758815710.2013779,3.0
1758815710.2125638,3.0
1758815710.2237368,3.0
1758815710.2350993,3.0
1758815710.2462337,3.0
1758815710.2573957,3.0
1758815710.2685966,3.0
1758815710.2797742,3.0
1758815710.2926326,3.0
1758815710.3037322,3.0
1758815710.3148928,3.0
1758815710.3260577,3.0
1758815710.3372295,3.0
1758815710.3484275,3.0
1758815710.359602,3.0
1758815710.3707561,3.0
1758815710.381869,3.0
1758815710.3930209,3.0
1758815710.4041996,3.0
1758815710.4153433,3.0
1758815710.4264784,3.0
1758815710.4377594,3.0
1758815710.448908,3.0
1758815710.4600866,3.0
1758815710.4712725,3.0
1758815710.482404,3.0
1758815710.4935641,3.0
1758815710.5047174,3.0
1758815710.5158944,3.0
1758815710.5270596,3.0
1758815710.5382078,3.0
1758815710.549375,3.0
1758815710.56057,3.0
1758815710.571733,3.0
1758815710.5829773,3.0
1758815710.5941324,3.0
1758815710.6053016,3.0
1758815710.6164627,3.0
1758815710.6276379,3.0
1758815710.6389172,3.0
1758815710.6500456,3.0
1758815710.6612134,3.0
1758815710.6723874,3.0
1758815710.6835604,3.0
1758815710.6948578,3.0
1758815710.70618,3.0
1758815710.7175453,3.0
1758815710.7288618,3.0
1758815710.7402546,3.0
1758815710.7516103,3.0
1758815710.7629702,3.0
1758815710.7743154,3.0
1758815710.7856748,3.0
1758815710.7970347,3.0
1758815710.8085918,3.0
1758815710.8199224,3.0
1758815710.8313985,3.0
1758815710.8427625,3.0
1758815710.8542762,3.0
1758815710.8660245,3.0
1758815710.8787973,3.0
1758815710.89014,3.0
1758815710.901695,3.0
1758815710.913441,3.0
1758815710.9253576,3.0
1758815710.936791,3.0
1758815710.9481812,3.0
1758815710.9598296,3.0
1758815710.9712021,3.0
1758815710.9825995,3.0
1758815710.9940116,3.0
1758815711.0062034,2.0
1758815711.0175555,3.0
1758815711.0290356,3.0
1758815711.040534,3.0
1758815711.053212,3.0
1758815711.0645428,3.0
1758815711.0760274,3.0
1758815711.0874345,3.0
1758815711.0989,3.0
1758815711.1102781,3.0
1758815711.1216853,3.0
1758815711.1330638,3.0
1758815711.1444566,3.0
1758815711.1558726,3.0
1758815711.1672773,3.0
1758815711.1790698,3.0
1758815711.1901717,2.0
1758815711.2006316,3.0
1758815711.2110875,3.0
1758815711.221485,3.0
1758815711.2319539,3.0
1758815711.2423224,3.0
1758815711.2527275,3.0
1758815711.2631185,3.0
1758815711.2735093,3.0
1758815711.2839203,3.0
1758815711.2956462,3.0
1758815711.3060224,3.0
1758815711.3164895,3.0
1758815711.326908,3.0
1758815711.3373227,3.0
1758815711.347688,3.0
1758815711.3597867,3.0
1758815711.3701878,3.0
1758815711.3806055,3.0
1758815711.3910034,3.0
1758815711.4013724,3.0
1758815711.411747,3.0
1758815711.4221442,3.0
1758815711.4325306,3.0
1758815711.4428957,3.0
1758815711.4532309,3.0
1758815711.4636064,3.0
1758815711.4739568,3.0
1758815711.4843483,3.0
1758815711.4946976,3.0
1758815711.5050387,3.0
1758815711.5153825,3.0
1758815711.525747,3.0
1758815711.5360901,3.0
1758815711.5464473,3.0
1758815711.5567818,3.0
1758815711.5671487,3.0
1758815711.5774744,3.0
1758815711.5878432,3.0
1758815711.5981703,3.0
1758815711.6085148,3.0
1758815711.618855,3.0
1758815711.6291964,3.0
1758815711.6396534,3.0
1758815711.6500034,3.0
1758815711.6603854,3.0
1758815711.6707473,3.0
1758815711.6810725,3.0
1758815711.6913729,3.0
1758815711.7016199,3.0
1758815711.711901,3.0
1758815711.7221448,3.0
1758815711.732407,3.0
1758815711.742643,3.0
1758815711.7528923,3.0
1758815711.7631783,3.0
1758815711.7736347,3.0
1758815711.7838922,3.0
1758815711.7941322,3.0
1758815711.8043904,3.0
1758815711.814666,3.0
1758815711.8250046,3.0
1758815711.8354566,3.0
1758815711.8458354,3.0
1758815711.856227,3.0
1758815711.8685825,3.0
1758815711.8791022,3.0
1758815711.8894625,3.0
1758815711.8999562,3.0
1758815711.910502,3.0
1758815711.92112,3.0
1758815711.9315157,3.0
1758815711.941906,3.0
1758815711.9525776,3.0
1758815711.9629283,3.0
1758815711.9733405,3.0
1758815711.9838285,3.0
1758815711.9942539,3.0
1758815712.004703,3.0
1758815712.0151608,3.0
1758815712.0255911,3.0
1758815712.036141,3.0
1758815712.0465858,3.0
1758815712.0570002,3.0
1758815712.0673914,3.0
1758815712.077724,3.0
1758815712.0880892,3.0
1758815712.0984282,3.0
1758815712.108796,3.0
1758815712.1191752,3.0
1758815712.1295297,3.0
1758815712.139876,3.0
1758815712.1502218,3.0
1758815712.1605835,3.0
1758815712.1709552,3.0
1758815712.181294,3.0
1758815712.191656,3.0
1758815712.2019963,3.0
1758815712.2123628,3.0
1758815712.222744,3.0
1758815712.2331188,3.0
1758815712.2435143,3.0
1758815712.2538824,3.0
1758815712.2642403,3.0
1758815712.2746108,3.0
1758815712.2849422,3.0
1758815712.2963688,3.0
1758815712.3067164,3.0
1758815712.317069,3.0
1758815712.327424,3.0
1758815712.3377855,3.0
1758815712.348146,3.0
1758815712.3585098,3.0
1758815712.3688428,3.0
1758815712.3792052,3.0
1758815712.3895445,3.0
1758815712.399911,3.0
1758815712.410252,3.0
1758815712.4206157,3.0
1758815712.430966,3.0
1758815712.4414477,3.0
1758815712.4518037,3.0
1758815712.4621565,3.0
1758815712.4725137,3.0
1758815712.4828641,3.0
1758815712.4932134,3.0
1758815712.5035834,3.0
1758815712.5139143,3.0
1758815712.5242846,3.0
1758815712.534629,3.0
1758815712.5449843,3.0
1758815712.5553336,3.0
1758815712.5656924,3.0
1758815712.5760577,3.0
1758815712.5864117,3.0
1758815712.596779,3.0
1758815712.607142,3.0
1758815712.6174655,3.0
1758815712.6278374,3.0
1758815712.6383047,3.0
1758815712.6486766,3.0
1758815712.659032,3.0
1758815712.6693888,3.0
1758815712.6797523,3.0
1758815712.6901,3.0
1758815712.700459,3.0
1758815712.7108517,3.0
1758815712.7211876,3.0
1758815712.7315557,3.0
1758815712.7419124,3.0
1758815712.752291,3.0
1758815712.7626562,3.0
1758815712.7730043,3.0
1758815712.7833784,3.0
1758815712.7938068,3.0
1758815712.8041883,3.0
1758815712.8145666,3.0
1758815712.8249154,3.0
1758815712.835289,3.0
1758815712.8460023,3.0
1758815712.8563719,3.0
1758815712.86712,3.0
1758815712.8781397,3.0
1758815712.8884883,3.0
1758815712.8989587,3.0
1758815712.9093194,3.0
1758815712.9199417,3.0
1758815712.9302855,3.0
1758815712.9406745,3.0
1758815712.9510486,3.0
1758815712.9616735,3.0
1758815712.9720361,3.0
1758815712.9824054,3.0
1758815712.9928002,3.0
1758815713.0031848,3.0
1758815713.0135636,3.0
1758815713.024499,3.0
1758815713.0348732,3.0
1758815713.0452743,3.0
1758815713.0556698,3.0
1758815713.0660365,3.0
1758815713.0764384,3.0
1758815713.0868347,3.0
1758815713.097209,3.0
1758815713.1075902,3.0
1758815713.11796,3.0
1758815713.1283915,3.0
1758815713.138793,3.0
1758815713.1491873,3.0
1758815713.1595786,3.0
1758815713.1699593,3.0
1758815713.1804855,3.0
1758815713.1909075,3.0
1758815713.2012906,3.0
1758815713.2116675,3.0
1758815713.2220278,3.0
1758815713.2324233,3.0
1758815713.2429147,3.0
1758815713.2532947,3.0
1758815713.2636673,3.0
1758815713.2740378,3.0
1758815713.2844322,3.0
1758815713.2960231,3.0
1758815713.3063905,3.0
1758815713.3168006,3.0
1758815713.3271935,3.0
1758815713.3381324,3.0
1758815713.3494947,3.0
1758815713.360942,3.0
1758815713.3723402,3.0
1758815713.3837495,3.0
1758815713.395181,3.0
1758815713.4066577,3.0
1758815713.4180083,3.0
1758815713.429422,3.0
1758815713.440897,3.0
1758815713.45228,3.0
1758815713.463668,3.0
1758815713.47509,3.0
1758815713.4864442,3.0
1758815713.497815,3.0
1758815713.5092773,3.0
1758815713.520656,3.0
1758815713.532007,3.0
1758815713.543362,3.0
1758815713.5548391,3.0
1758815713.5663269,3.0
1758815713.577746,3.0
1758815713.589152,3.0
1758815713.6005304,3.0
1758815713.611879,3.0
1758815713.62331,3.0
1758815713.6347175,3.0
1758815713.6461143,3.0
1758815713.6574924,3.0
1758815713.6688585,3.0
1758815713.6802843,3.0
1758815713.6916614,3.0
1758815713.7030592,3.0
1758815713.7143927,3.0
1758815713.7258224,3.0
1758815713.7372034,3.0
1758815713.7486017,3.0
1758815713.7599957,3.0
1758815713.7713697,3.0
1758815713.7827327,3.0
1758815713.7940981,3.0
1758815713.8054998,3.0
1758815713.8168817,3.0
1758815713.8282692,3.0
1758815713.8397083,3.0
1758815713.8510594,3.0
1758815713.8624341,3.0
1758815713.8760533,3.0
1758815713.8873727,3.0
1758815713.8987868,3.0
1758815713.9101408,3.0
1758815713.9220483,3.0
1758815713.9335542,3.0
1758815713.944983,3.0
1758815713.9566073,3.0
1758815713.96785,3.0
1758815713.97923,3.0
1758815713.9906201,3.0
1758815714.001975,3.0
1758815714.0133357,3.0
1758815714.024717,3.0
1758815714.0360959,3.0
1758815714.0475085,3.0
1758815714.0588732,3.0
1758815714.0702412,3.0
1758815714.0816278,3.0
1758815714.0930874,3.0
1758815714.1045046,3.0
1758815714.1158853,3.0
1758815714.1272457,3.0
1758815714.1386557,3.0
1758815714.150032,3.0
1758815714.1614106,3.0
1758815714.1728222,3.0
1758815714.1841812,3.0
1758815714.1955202,3.0
1758815714.2068765,3.0
1758815714.2182417,3.0
1758815714.2296526,3.0
1758815714.241157,3.0
1758815714.2525873,3.0
1758815714.2640088,3.0
1758815714.2753642,3.0
1758815714.2882242,3.0
1758815714.2995129,3.0
1758815714.3107693,3.0
1758815714.3220816,3.0
1758815714.333372,3.0
1758815714.3446655,3.0
1758815714.3559275,3.0
1758815714.3672218,3.0
1758815714.3785102,3.0
1758815714.389792,3.0
1758815714.4011242,3.0
1758815714.4124055,3.0
1758815714.4236512,3.0
1758815714.4349473,3.0
1758815714.4462922,3.0
1758815714.4576204,3.0
1758815714.468923,3.0
1758815714.480219,3.0
1758815714.4914973,3.0
1758815714.502769,3.0
1758815714.514046,3.0
1758815714.5252874,3.0
1758815714.53656,3.0
1758815714.5478535,3.0
1758815714.5593736,3.0
1758815714.5706525,3.0
1758815714.581919,3.0
1758815714.5931985,3.0
1758815714.6044993,3.0
1758815714.6157894,3.0
1758815714.6270761,3.0
1758815714.638329,3.0
1758815714.64986,3.0
1758815714.6611323,3.0
1758815714.6724045,3.0
1758815714.6836486,3.0
1758815714.6949313,3.0
1758815714.7062194,3.0
1758815714.7174861,3.0
1758815714.7290072,3.0
1758815714.7402334,3.0
1758815714.7514741,3.0
1758815714.7626932,3.0
1758815714.7739186,3.0
1758815714.7851512,3.0
1758815714.7964346,3.0
1758815714.8076863,3.0
1758815714.8189223,3.0
1758815714.8303394,3.0
1758815714.8417232,3.0
1758815714.8533854,3.0
1758815714.8651392,3.0
1758815714.876994,3.0
1758815714.8883984,3.0
1758815714.899879,3.0
1758815714.9112678,3.0
1758815714.9229662,3.0
1758815714.9343262,3.0
1758815714.945731,3.0
1758815714.9573655,3.0
1758815714.968619,3.0
1758815714.9800181,3.0
1758815714.9914029,3.0
1758815715.002792,3.0
1758815715.0141718,3.0
1758815715.025583,3.0
1758815715.0369837,3.0
1758815715.0484202,3.0
1758815715.0598133,3.0
1758815715.0711806,3.0
1758815715.0825613,3.0
1758815715.0939603,3.0
1758815715.1056275,3.0
1758815715.1170037,3.0
1758815715.128369,3.0
1758815715.1397629,3.0
1758815715.1511645,3.0
1758815715.1625896,3.0
1758815715.1740172,3.0
1758815715.1855402,3.0
1758815715.1961672,3.0
1758815715.2065678,3.0
1758815715.2169287,3.0
1758815715.227302,3.0
1758815715.2376456,3.0
1758815715.248087,3.0
1758815715.258448,3.0
1758815715.2688463,3.0
1758815715.2792077,3.0
1758815715.2911956,3.0
1758815715.301503,3.0
1758815715.311867,3.0
1758815715.3222327,3.0
1758815715.3326046,3.0
1758815715.3429637,3.0
1758815715.3533046,3.0
1758815715.363771,3.0
1758815715.3741145,3.0
1758815715.3844788,3.0
1758815715.3948174,3.0
1758815715.4051552,3.0
1758815715.4156828,3.0
1758815715.4260473,3.0
1758815715.4364014,3.0
1758815715.446833,3.0
1758815715.4571748,3.0
1758815715.4675329,3.0
1758815715.4778762,3.0
1758815715.4882832,3.0
1758815715.4986546,3.0
1758815715.5089905,3.0
1758815715.5193698,3.0
1758815715.5297272,3.0
1758815715.540091,3.0
1758815715.5504386,3.0
1758815715.5608022,3.0
1758815715.571165,3.0
1758815715.581551,3.0
1758815715.5919268,3.0
1758815715.6023011,3.0
1758815715.612665,3.0
1758815715.6230335,3.0
1758815715.6334145,3.0
1758815715.6438892,3.0
1758815715.6542308,3.0
1758815715.6646082,3.0
1758815715.67497,3.0
1758815715.685323,3.0
1758815715.6956966,3.0
1758815715.7060516,3.0
1758815715.7164266,3.0
1758815715.7267766,3.0
1758815715.737128,3.0
1758815715.7475061,3.0
1758815715.75785,3.0
1758815715.7682126,3.0
1758815715.778636,3.0
1758815715.7889793,3.0
1758815715.799365,3.0
1758815715.8097196,3.0
1758815715.8200881,3.0
1758815715.8304496,3.0
1758815715.8408387,3.0
1758815715.8515697,3.0
1758815715.8619447,3.0
1758815715.8737853,3.0
1758815715.8841367,3.0
1758815715.8947585,3.0
1758815715.905046,3.0
1758815715.9154878,3.0
1758815715.9258883,3.0
1758815715.9363286,3.0
1758815715.946764,3.0
1758815715.95718,3.0
1758815715.9676325,3.0
1758815715.9780464,3.0
1758815715.988454,3.0
1758815715.9988725,3.0
1758815716.009281,3.0
1758815716.0197015,3.0
1758815716.0300734,3.0
1758815716.0404928,3.0
1758815716.0509355,3.0
1758815716.061303,3.0
1758815716.0716705,3.0
1758815716.0820293,3.0
1758815716.0923994,3.0
1758815716.1027617,3.0
1758815716.1131094,3.0
1758815716.1234992,3.0
1758815716.1338408,3.0
1758815716.1442113,3.0
1758815716.154572,3.0
1758815716.16492,3.0
1758815716.175292,3.0
1758815716.185654,3.0
1758815716.1960132,3.0
1758815716.2063665,3.0
1758815716.216728,3.0
1758815716.2271097,3.0
1758815716.2374635,3.0
1758815716.2478952,3.0
1758815716.2582479,3.0
1758815716.2686257,3.0
1758815716.2790024,3.0
1758815716.2792087,0.0
