time,value
1745879240.1286426,2.0
1745879240.1434352,3.0
1745879240.1580944,3.0
1745879240.172698,3.0
1745879240.1872597,3.0
1745879240.2017872,3.0
1745879240.2163637,3.0
1745879240.2268493,2.0
1745879240.2413778,3.0
1745879240.25775,3.0
1745879240.2677543,2.0
1745879240.2822409,3.0
1745879240.2979465,3.0
1745879240.3123891,3.0
1745879240.3268661,3.0
1745879240.337591,2.0
1745879240.352027,3.0
1745879240.366495,3.0
1745879240.3811643,3.0
1745879240.3956332,3.0
1745879240.4100974,3.0
1745879240.4245765,3.0
1745879240.4390545,3.0
1745879240.4536295,3.0
1745879240.4681978,3.0
1745879240.4827943,3.0
1745879240.4952478,2.0
1745879240.5094883,2.0
1745879240.5226858,1.0
1745879240.5371478,1.0
1745879240.5501947,1.0
1745879240.5606058,2.0
1745879240.5755143,3.0
1745879240.585527,2.0
1745879240.6004765,3.0
1745879240.6153948,3.0
1745879240.6254442,2.0
1745879240.635555,2.0
1745879240.6457405,2.0
1745879240.6558342,2.0
1745879240.665974,2.0
1745879240.6761003,2.0
1745879240.6862504,2.0
1745879240.696374,2.0
1745879240.7065074,2.0
1745879240.7166128,2.0
1745879240.726701,2.0
1745879240.7374165,2.0
1745879240.7475433,2.0
1745879240.7576883,2.0
1745879240.7677767,2.0
1745879240.7778811,2.0
1745879240.7879531,2.0
1745879240.7980542,2.0
1745879240.80813,2.0
1745879240.8182397,2.0
1745879240.828306,2.0
1745879240.8384104,2.0
1745879240.8485084,2.0
1745879240.858621,2.0
1745879240.8686984,2.0
1745879240.8788202,2.0
1745879240.8888988,2.0
1745879240.8989944,2.0
1745879240.9090576,2.0
1745879240.919155,2.0
1745879240.9292083,2.0
1745879240.9392877,2.0
1745879240.9495,2.0
1745879240.9642847,3.0
1745879240.9743176,2.0
1745879240.984375,2.0
1745879240.999207,3.0
1745879241.0140014,3.0
1745879241.0288515,3.0
1745879241.0436614,3.0
1745879241.0540135,2.0
1745879241.069925,3.0
1745879241.08577,2.0
1745879241.098674,1.0
1745879241.1134818,3.0
1745879241.128269,3.0
1745879241.143026,3.0
1745879241.157818,3.0
1745879241.1726,3.0
1745879241.1873708,3.0
1745879241.202116,3.0
1745879241.2169006,3.0
1745879241.23166,3.0
1745879241.2464025,3.0
1745879241.2579305,2.0
1745879241.272698,3.0
1745879241.2874925,3.0
1745879241.2977233,2.0
1745879241.312555,3.0
1745879241.3273354,3.0
1745879241.3423278,3.0
1745879241.3570716,3.0
1745879241.3720024,3.0
1745879241.3867674,3.0
1745879241.4015503,3.0
1745879241.4163241,3.0
1745879241.431076,3.0
1745879241.4458544,3.0
1745879241.460631,3.0
1745879241.475382,3.0
1745879241.490141,3.0
1745879241.504918,3.0
1745879241.5196848,3.0
1745879241.5344448,3.0
1745879241.5492215,3.0
1745879241.5639675,3.0
1745879241.578718,3.0
1745879241.5934873,3.0
1745879241.6082923,3.0
1745879241.623091,3.0
1745879241.6379008,3.0
1745879241.6527426,3.0
1745879241.6675487,3.0
1745879241.6823447,3.0
1745879241.6971629,3.0
1745879241.711973,3.0
1745879241.726791,3.0
1745879241.7416134,3.0
1745879241.7564476,3.0
1745879241.7712638,3.0
1745879241.7861085,3.0
1745879241.8009226,3.0
1745879241.81575,3.0
1745879241.8305695,3.0
1745879241.8406863,2.0
1745879241.850823,2.0
1745879241.860959,2.0
1745879241.871097,2.0
1745879241.881237,2.0
1745879241.8914273,2.0
1745879241.9015408,2.0
1745879241.9117014,2.0
1745879241.9218328,2.0
1745879241.9319909,2.0
1745879241.9421186,2.0
1745879241.952241,2.0
1745879241.9623644,2.0
1745879241.9727294,2.0
1745879241.9827843,2.0
1745879241.9929142,2.0
1745879242.0030336,2.0
1745879242.0131814,2.0
1745879242.0233197,2.0
1745879242.0334177,2.0
1745879242.0435338,2.0
1745879242.053644,2.0
1745879242.0637858,2.0
1745879242.0750694,2.0
1745879242.091728,2.0
1745879242.1071045,1.0
1745879242.1218355,3.0
1745879242.1366894,3.0
1745879242.14675,2.0
1745879242.1568398,2.0
1745879242.166867,2.0
1745879242.1769023,2.0
1745879242.1918175,3.0
1745879242.201834,2.0
1745879242.2118573,2.0
1745879242.2218714,2.0
1745879242.2319078,2.0
1745879242.2468326,3.0
1745879242.2580073,2.0
1745879242.268275,2.0
1745879242.2831936,3.0
1745879242.293195,2.0
1745879242.303919,2.0
1745879242.3187861,3.0
1745879242.3287888,2.0
1745879242.338805,2.0
1745879242.3489227,2.0
1745879242.3638206,3.0
1745879242.3788037,3.0
1745879242.3937223,3.0
1745879242.4086359,3.0
1745879242.4186528,2.0
1745879242.428663,2.0
1745879242.4435935,3.0
1745879242.4535983,2.0
1745879242.4635992,2.0
1745879242.4785001,3.0
1745879242.48851,2.0
1745879242.49853,2.0
1745879242.5085366,2.0
1745879242.5185578,2.0
1745879242.5285652,2.0
1745879242.538595,2.0
1745879242.5486486,2.0
1745879242.5586514,2.0
1745879242.5686653,2.0
1745879242.578675,2.0
1745879242.588707,2.0
1745879242.5987153,2.0
1745879242.613628,3.0
1745879242.6285033,3.0
1745879242.6385431,2.0
1745879242.648569,2.0
1745879242.6634974,3.0
1745879242.6783895,3.0
1745879242.6884065,2.0
1745879242.698435,2.0
1745879242.708513,2.0
1745879242.7185178,2.0
1745879242.7285273,2.0
1745879242.7385778,2.0
1745879242.7486036,2.0
1745879242.7586493,2.0
1745879242.768666,2.0
1745879242.7790427,2.0
1745879242.7890549,2.0
1745879242.7990572,2.0
1745879242.8090825,2.0
1745879242.8239825,3.0
1745879242.8339875,2.0
1745879242.8440015,2.0
1745879242.85888,3.0
1745879242.868896,2.0
1745879242.883778,3.0
1745879242.8986683,3.0
1745879242.913587,3.0
1745879242.9235923,2.0
1745879242.938471,3.0
1745879242.9484966,2.0
1745879242.9585786,2.0
1745879242.9735038,3.0
1745879242.9883912,3.0
1745879243.0039873,2.0
1745879243.0188534,3.0
1745879243.028863,2.0
1745879243.0437398,3.0
1745879243.0586133,3.0
1745879243.070324,2.0
1745879243.080613,2.0
1745879243.0923007,1.0
1745879243.1071675,1.0
1745879243.1218264,3.0
1745879243.136702,3.0
1745879243.1467268,2.0
1745879243.1567764,2.0
1745879243.1668124,2.0
1745879243.1768372,2.0
1745879243.1868477,2.0
1745879243.1968772,2.0
1745879243.2068837,2.0
1745879243.2169318,2.0
1745879243.2269351,2.0
1745879243.2369697,2.0
1745879243.2469745,2.0
1745879243.2578752,2.0
1745879243.2681706,2.0
1745879243.2781804,2.0
1745879243.2882721,2.0
1745879243.2982953,2.0
1745879243.3089268,2.0
1745879243.3189328,2.0
1745879243.3289888,2.0
1745879243.3390162,2.0
1745879243.349185,2.0
1745879243.359238,2.0
1745879243.3692384,2.0
1745879243.3794417,2.0
1745879243.3894546,2.0
1745879243.3995264,2.0
1745879243.4095573,2.0
1745879243.419588,2.0
1745879243.4344802,3.0
1745879243.4445088,2.0
1745879243.454541,2.0
1745879243.4645805,2.0
1745879243.4745848,2.0
1745879243.4846032,2.0
1745879243.494613,2.0
1745879243.5046284,2.0
1745879243.5194905,3.0
1745879243.529512,2.0
1745879243.5395474,2.0
1745879243.549627,2.0
1745879243.5597274,2.0
1745879243.5697377,2.0
1745879243.5797443,2.0
1745879243.5897446,2.0
1745879243.5997565,2.0
1745879243.6097827,2.0
1745879243.619794,2.0
1745879243.6298025,2.0
1745879243.6446712,3.0
1745879243.6546812,2.0
1745879243.6647086,2.0
1745879243.6795967,3.0
1745879243.6944804,3.0
1745879243.7044854,2.0
1745879243.7144895,2.0
1745879243.7245085,2.0
1745879243.7345119,2.0
1745879243.7445204,2.0
1745879243.7545233,2.0
1745879243.764551,2.0
1745879243.7794173,3.0
1745879243.7894342,2.0
1745879243.7994375,2.0
1745879243.8094487,2.0
1745879243.8194864,2.0
1745879243.8343654,3.0
1745879243.84439,2.0
1745879243.8544261,2.0
1745879243.8644583,2.0
1745879243.879337,3.0
1745879243.8893492,2.0
1745879243.899402,2.0
1745879243.9094415,2.0
1745879243.9194636,2.0
1745879243.9294689,2.0
1745879243.9395192,2.0
1745879243.949524,2.0
1745879243.959574,2.0
1745879243.9745662,3.0
1745879243.9896173,3.0
1745879243.999623,2.0
1745879244.0096374,2.0
1745879244.019667,2.0
1745879244.029678,2.0
1745879244.0397093,2.0
1745879244.0497117,2.0
1745879244.0597427,2.0
1745879244.070856,2.0
1745879244.0811763,2.0
1745879244.0932589,2.0
1745879244.1040542,2.0
1745879244.1188993,3.0
1745879244.128909,2.0
1745879244.1437593,3.0
1745879244.1538107,2.0
1745879244.1638384,2.0
1745879244.1787045,3.0
1745879244.1935596,3.0
1745879244.203563,2.0
1745879244.2184217,3.0
1745879244.2333047,3.0
1745879244.248163,3.0
1745879244.2596557,2.0
1745879244.2724552,2.0
1745879244.2873275,3.0
1745879244.297576,2.0
1745879244.3078623,2.0
1745879244.3179064,2.0
1745879244.327941,2.0
1745879244.3384888,2.0
1745879244.3485863,2.0
1745879244.3585954,2.0
1745879244.368642,2.0
1745879244.3789756,2.0
1745879244.3889928,2.0
1745879244.3990016,2.0
1745879244.4090126,2.0
1745879244.4190404,2.0
1745879244.4290574,2.0
1745879244.439064,2.0
1745879244.4490972,2.0
1745879244.4591215,2.0
1745879244.4691553,2.0
1745879244.4791975,2.0
1745879244.4891992,2.0
1745879244.4992151,2.0
1745879244.509237,2.0
1745879244.5192626,2.0
1745879244.52928,2.0
1745879244.539282,2.0
1745879244.5493271,2.0
1745879244.5593548,2.0
1745879244.5694177,2.0
1745879244.5794423,2.0
1745879244.5894668,2.0
1745879244.5995114,2.0
1745879244.6144104,3.0
1745879244.6249113,2.0
1745879244.6349201,2.0
1745879244.6449435,2.0
1745879244.65497,2.0
1745879244.6649997,2.0
1745879244.6750014,2.0
1745879244.6850517,2.0
1745879244.6999233,3.0
1745879244.70995,2.0
1745879244.7199771,2.0
1745879244.729986,2.0
1745879244.7399898,2.0
1745879244.749994,2.0
1745879244.760145,2.0
1745879244.7750213,3.0
1745879244.7850366,2.0
1745879244.7950878,2.0
1745879244.8051145,2.0
1745879244.8151221,2.0
1745879244.825157,2.0
1745879244.8352175,2.0
1745879244.8452284,2.0
1745879244.8552825,2.0
1745879244.865297,2.0
1745879244.8753266,2.0
1745879244.8853297,2.0
1745879244.8953762,2.0
1745879244.9053786,2.0
1745879244.9154022,2.0
1745879244.925491,2.0
1745879244.935531,2.0
1745879244.9455519,2.0
1745879244.955607,2.0
1745879244.9656389,2.0
1745879244.9757447,2.0
1745879244.985774,2.0
1745879244.9958456,2.0
1745879245.0058467,2.0
1745879245.0158796,2.0
1745879245.03075,3.0
1745879245.0407767,2.0
1745879245.0508094,2.0
1745879245.0608304,2.0
1745879245.072374,2.0
1745879245.0825744,2.0
1745879245.09325,2.0
1745879245.1032724,2.0
1745879245.1181445,3.0
1745879245.1281774,2.0
1745879245.138209,2.0
1745879245.1482391,2.0
1745879245.158264,2.0
1745879245.1683095,2.0
1745879245.178356,2.0
1745879245.1883924,2.0
1745879245.1984255,2.0
1745879245.208452,2.0
1745879245.218463,2.0
1745879245.2284927,2.0
1745879245.2385094,2.0
1745879245.2485251,2.0
1745879245.260499,2.0
1745879245.2752573,3.0
1745879245.2852945,2.0
1745879245.295297,2.0
1745879245.3059945,2.0
1745879245.3208609,3.0
1745879245.3308704,2.0
1745879245.341072,2.0
1745879245.3559158,3.0
1745879245.3707893,3.0
1745879245.381033,2.0
1745879245.3958817,3.0
1745879245.410734,3.0
1745879245.4207394,2.0
1745879245.4356081,3.0
1745879245.4504657,3.0
1745879245.4604766,2.0
1745879245.4753156,3.0
1745879245.4901824,3.0
1745879245.5002272,2.0
1745879245.510311,2.0
1745879245.5203803,2.0
1745879245.530443,2.0
1745879245.540485,2.0
1745879245.5505347,2.0
1745879245.5622573,2.0
1745879245.5740027,2.0
1745879245.5841923,2.0
1745879245.5943532,2.0
1745879245.604552,2.0
1745879245.6147132,2.0
1745879245.6248791,2.0
1745879245.635051,2.0
1745879245.6452334,2.0
1745879245.6554039,2.0
1745879245.6655807,2.0
1745879245.675733,2.0
1745879245.6859047,2.0
1745879245.6960614,2.0
1745879245.7062194,2.0
1745879245.7163782,2.0
1745879245.7265985,2.0
1745879245.7368095,2.0
1745879245.7470229,2.0
1745879245.7571929,2.0
1745879245.76751,2.0
1745879245.7777452,2.0
1745879245.7880151,2.0
1745879245.798237,2.0
1745879245.8084662,2.0
1745879245.8186522,2.0
1745879245.828842,2.0
1745879245.8390594,2.0
1745879245.849704,2.0
1745879245.859906,2.0
1745879245.870064,2.0
1745879245.8802626,2.0
1745879245.8904724,2.0
1745879245.9006758,2.0
1745879245.9108634,2.0
1745879245.921059,2.0
1745879245.9312515,2.0
1745879245.9414523,2.0
1745879245.9516563,2.0
1745879245.9618711,2.0
1745879245.9722154,2.0
1745879245.982336,2.0
1745879245.9925666,2.0
1745879246.0027413,2.0
1745879246.0129375,2.0
1745879246.023124,2.0
1745879246.0333083,2.0
1745879246.04351,2.0
1745879246.0537043,2.0
1745879246.0639093,2.0
1745879246.075283,2.0
1745879246.0853803,2.0
1745879246.0957596,2.0
1745879246.1059277,2.0
1745879246.1161127,2.0
1745879246.126276,2.0
1745879246.1400433,2.0
1745879246.1501386,2.0
1745879246.1602871,2.0
1745879246.1703858,2.0
1745879246.1805367,2.0
1745879246.1906347,2.0
1745879246.2007635,2.0
1745879246.210887,2.0
1745879246.2210858,2.0
1745879246.231281,2.0
1745879246.241464,2.0
1745879246.2519133,2.0
1745879246.2631214,2.0
1745879246.2732117,2.0
1745879246.2833648,2.0
1745879246.2935054,2.0
1745879246.304275,2.0
1745879246.3143888,2.0
1745879246.324523,2.0
1745879246.334686,2.0
1745879246.3452408,2.0
1745879246.3553317,2.0
1745879246.3655248,2.0
1745879246.375662,2.0
1745879246.3863351,2.0
1745879246.3964844,2.0
1745879246.4066775,2.0
1745879246.4168534,2.0
1745879246.4270408,2.0
1745879246.4371994,2.0
1745879246.4473994,2.0
1745879246.4575505,2.0
1745879246.46779,2.0
1745879246.4779491,2.0
1745879246.4881334,2.0
1745879246.4982758,2.0
1745879246.50845,2.0
1745879246.5186076,2.0
1745879246.528818,2.0
1745879246.538977,2.0
1745879246.5491989,2.0
1745879246.559366,2.0
1745879246.5695522,2.0
1745879246.579711,2.0
1745879246.5898907,2.0
1745879246.6000729,2.0
1745879246.6102815,2.0
1745879246.620442,2.0
1745879246.6306078,2.0
1745879246.6407857,2.0
1745879246.6509697,2.0
1745879246.6611066,2.0
1745879246.6713352,2.0
1745879246.681485,2.0
1745879246.6916904,2.0
1745879246.7018433,2.0
1745879246.7120442,2.0
1745879246.7221897,2.0
1745879246.7323604,2.0
1745879246.7425253,2.0
1745879246.7527273,2.0
1745879246.7628672,2.0
1745879246.7730486,2.0
1745879246.7832305,2.0
1745879246.7933965,2.0
1745879246.8035662,2.0
1745879246.8137226,2.0
1745879246.8238938,2.0
1745879246.8340688,2.0
1745879246.84422,2.0
1745879246.854392,2.0
1745879246.864568,2.0
1745879246.8747458,2.0
1745879246.8848953,2.0
1745879246.8951097,2.0
1745879246.90526,2.0
1745879246.915475,2.0
1745879246.9256332,2.0
1745879246.9358337,2.0
1745879246.945964,2.0
1745879246.9561534,2.0
1745879246.9663157,2.0
1745879246.9765196,2.0
1745879246.986674,2.0
1745879246.996836,2.0
1745879247.0069995,2.0
1745879247.0171607,2.0
1745879247.0273373,2.0
1745879247.0375116,2.0
1745879247.0476775,2.0
1745879247.0578506,2.0
1745879247.0681067,2.0
1745879247.0794172,2.0
1745879247.0901754,2.0
1745879247.1007268,2.0
1745879247.11086,2.0
1745879247.120998,2.0
1745879247.1311188,2.0
1745879247.1412563,2.0
1745879247.1514084,2.0
1745879247.161559,2.0
1745879247.171684,2.0
1745879247.1817968,2.0
1745879247.1919239,2.0
1745879247.2020848,2.0
1745879247.2122092,2.0
1745879247.222362,2.0
1745879247.2324803,2.0
1745879247.2426138,2.0
1745879247.2531025,2.0
1745879247.26405,2.0
1745879247.2741768,2.0
1745879247.2843323,2.0
1745879247.2945135,2.0
1745879247.3053684,2.0
1745879247.3155077,2.0
1745879247.325671,2.0
1745879247.3358605,2.0
1745879247.346406,2.0
1745879247.3565354,2.0
1745879247.3667269,2.0
1745879247.3768787,2.0
1745879247.3870685,2.0
1745879247.3972251,2.0
1745879247.407419,2.0
1745879247.4175613,2.0
1745879247.4277532,2.0
1745879247.4379065,2.0
1745879247.448069,2.0
1745879247.4582593,2.0
1745879247.4684484,2.0
1745879247.4785922,2.0
1745879247.4887953,2.0
1745879247.4990008,2.0
1745879247.5096054,2.0
1745879247.5198052,2.0
1745879247.5299659,2.0
1745879247.5401301,2.0
1745879247.5503075,2.0
1745879247.5604768,2.0
1745879247.5707786,2.0
1745879247.5809462,2.0
1745879247.5911312,2.0
1745879247.601268,2.0
1745879247.6114442,2.0
1745879247.6216033,2.0
1745879247.6317675,2.0
1745879247.641938,2.0
1745879247.6521027,2.0
1745879247.6622608,2.0
1745879247.6724656,2.0
1745879247.6826494,2.0
1745879247.6928241,2.0
1745879247.7029681,2.0
1745879247.7131295,2.0
1745879247.723334,2.0
1745879247.733497,2.0
1745879247.7436445,2.0
1745879247.7538161,2.0
1745879247.7639625,2.0
1745879247.7741492,2.0
1745879247.7843068,2.0
1745879247.7944965,2.0
1745879247.8046715,2.0
1745879247.814858,2.0
1745879247.8250306,2.0
1745879247.8352165,2.0
1745879247.845363,2.0
1745879247.8555858,2.0
1745879247.865807,2.0
1745879247.8759778,2.0
1745879247.8861265,2.0
1745879247.8967915,2.0
1745879247.9069307,2.0
1745879247.9171317,2.0
1745879247.9273212,2.0
1745879247.9375565,2.0
1745879247.9476902,2.0
1745879247.9578552,2.0
1745879247.9680095,2.0
1745879247.9783652,2.0
1745879247.988579,2.0
1745879247.9987342,2.0
1745879248.0089016,2.0
1745879248.019064,2.0
1745879248.029231,2.0
1745879248.039416,2.0
1745879248.0495698,2.0
1745879248.0597174,2.0
1745879248.0709877,2.0
1745879248.081864,2.0
1745879248.0978913,2.0
1745879248.1090598,1.0
1745879248.1196764,2.0
1745879248.1299655,2.0
1745879248.1402946,2.0
1745879248.1506767,2.0
1745879248.1609983,2.0
1745879248.171361,2.0
1745879248.1816723,2.0
1745879248.1919878,2.0
1745879248.202317,2.0
1745879248.2126334,2.0
1745879248.22343,2.0
1745879248.2337058,2.0
1745879248.2439969,2.0
1745879248.2549071,2.0
1745879248.2658749,2.0
1745879248.2760682,2.0
1745879248.2862732,2.0
1745879248.2964535,2.0
1745879248.306995,2.0
1745879248.317182,2.0
1745879248.3273504,2.0
1745879248.337537,2.0
1745879248.347854,2.0
1745879248.3580096,2.0
1745879248.368198,2.0
1745879248.3784325,2.0
1745879248.38863,2.0
1745879248.3987632,2.0
1745879248.408965,2.0
1745879248.4191227,2.0
1745879248.4293466,2.0
1745879248.4395032,2.0
1745879248.4496884,2.0
1745879248.4598863,2.0
1745879248.4701033,2.0
1745879248.480293,2.0
1745879248.490486,2.0
1745879248.5006783,2.0
1745879248.5108447,2.0
1745879248.521019,2.0
1745879248.531203,2.0
1745879248.5413911,2.0
1745879248.5515795,2.0
1745879248.5617564,2.0
1745879248.5719583,2.0
1745879248.582122,2.0
1745879248.592296,2.0
1745879248.60248,2.0
1745879248.6126702,2.0
1745879248.6228309,2.0
1745879248.6330175,2.0
1745879248.6431873,2.0
1745879248.6533804,2.0
1745879248.6635556,2.0
1745879248.673763,2.0
1745879248.6839352,2.0
1745879248.6941242,2.0
1745879248.7043095,2.0
1745879248.7144897,2.0
1745879248.7246792,2.0
1745879248.7348468,2.0
1745879248.745028,2.0
1745879248.7552032,2.0
1745879248.7653754,2.0
1745879248.7755594,2.0
1745879248.7857308,2.0
1745879248.7959146,2.0
1745879248.8060853,2.0
1745879248.8162637,2.0
1745879248.8264482,2.0
1745879248.8366246,2.0
1745879248.8467722,2.0
1745879248.856954,2.0
1745879248.867104,2.0
1745879248.8773317,2.0
1745879248.887507,2.0
1745879248.8976855,2.0
1745879248.9078639,2.0
1745879248.9180267,2.0
1745879248.928203,2.0
1745879248.9383838,2.0
1745879248.948556,2.0
1745879248.958707,2.0
1745879248.9688935,2.0
1745879248.9792583,2.0
1745879248.9894292,2.0
1745879248.9995894,2.0
1745879249.0097458,2.0
1745879249.0198839,2.0
1745879249.0300715,2.0
1745879249.0402558,2.0
1745879249.0504272,2.0
1745879249.0605996,2.0
1745879249.0718038,2.0
1745879249.0822935,2.0
1745879249.0924702,2.0
1745879249.1026433,2.0
1745879249.1132524,2.0
1745879249.1234121,2.0
1745879249.133603,2.0
1745879249.1437716,2.0
1745879249.1539612,2.0
1745879249.164119,2.0
1745879249.1742952,2.0
1745879249.184482,2.0
1745879249.1946642,2.0
1745879249.2048438,2.0
1745879249.2149987,2.0
1745879249.2252038,2.0
1745879249.2353506,2.0
1745879249.245496,2.0
1745879249.257864,2.0
1745879249.267926,2.0
1745879249.278157,2.0
1745879249.2883193,2.0
1745879249.299102,2.0
1745879249.309241,2.0
1745879249.3193865,2.0
1745879249.3295276,2.0
1745879249.3401113,2.0
1745879249.3502579,2.0
1745879249.3604786,2.0
1745879249.3707144,2.0
1745879249.381187,2.0
1745879249.391353,2.0
1745879249.4015574,2.0
1745879249.4117393,2.0
1745879249.4219558,2.0
1745879249.4321434,2.0
1745879249.4423306,2.0
1745879249.452515,2.0
1745879249.4627106,2.0
1745879249.472893,2.0
1745879249.4830334,2.0
1745879249.4932277,2.0
1745879249.503444,2.0
1745879249.5136223,2.0
1745879249.5238595,2.0
1745879249.5340369,2.0
1745879249.5442455,2.0
1745879249.55444,2.0
1745879249.5646434,2.0
1745879249.5748944,2.0
1745879249.5850952,2.0
1745879249.5953145,2.0
1745879249.6054938,2.0
1745879249.6156824,2.0
1745879249.6258888,2.0
1745879249.6360617,2.0
1745879249.6462731,2.0
1745879249.6564603,2.0
1745879249.6666498,2.0
1745879249.6768985,2.0
1745879249.6870794,2.0
1745879249.6972885,2.0
1745879249.7074695,2.0
1745879249.7176545,2.0
1745879249.7278523,2.0
1745879249.7380383,2.0
1745879249.7482283,2.0
1745879249.7584202,2.0
1745879249.7686074,2.0
1745879249.7788312,2.0
1745879249.7890446,2.0
1745879249.7992349,2.0
1745879249.8094106,2.0
1745879249.8195894,2.0
1745879249.8298054,2.0
1745879249.8399708,2.0
1745879249.850178,2.0
1745879249.860351,2.0
1745879249.8705337,2.0
1745879249.8806577,2.0
1745879249.890777,2.0
1745879249.9008877,2.0
1745879249.911013,2.0
1745879249.921122,2.0
1745879249.9312775,2.0
1745879249.9413562,2.0
1745879249.9515204,2.0
1745879249.9616227,2.0
1745879249.9717453,2.0
1745879249.9818902,2.0
1745879249.9920697,2.0
1745879250.0021455,2.0
1745879250.0122828,2.0
1745879250.022385,2.0
1745879250.0325098,2.0
1745879250.042642,2.0
1745879250.052756,2.0
1745879250.0629165,2.0
1745879250.0740242,2.0
1745879250.088951,3.0
1745879250.0990539,2.0
1745879250.1104987,1.0
1745879250.122034,1.0
1745879250.1367161,3.0
1745879250.15162,3.0
1745879250.1664734,3.0
1745879250.1764817,2.0
1745879250.1913538,3.0
1745879250.20623,3.0
1745879250.2211025,3.0
1745879250.2359746,3.0
1745879250.250804,3.0
1745879250.2630055,2.0
1745879250.2730248,2.0
1745879250.2830584,2.0
1745879250.293063,2.0
1745879250.3037837,2.0
1745879250.3186257,3.0
1745879250.3286858,2.0
1745879250.3389676,2.0
1745879250.3537822,3.0
1745879250.3637915,2.0
1745879250.373859,2.0
1745879250.3840058,2.0
1745879250.3940272,2.0
1745879250.4088874,3.0
1745879250.4237485,3.0
1745879250.4385934,3.0
1745879250.4486015,2.0
1745879250.4587097,2.0
1745879250.4735878,3.0
1745879250.48366,2.0
1745879250.4985285,3.0
1745879250.5085502,2.0
1745879250.5233765,3.0
1745879250.5382097,3.0
1745879250.5482235,2.0
1745879250.5630581,3.0
1745879250.5731065,2.0
1745879250.5845368,2.0
1745879250.5959845,2.0
1745879250.6108122,3.0
1745879250.6256757,3.0
1745879250.6356766,2.0
1745879250.6505387,3.0
1745879250.6653998,3.0
1745879250.6754375,2.0
1745879250.690288,3.0
1745879250.7003145,2.0
1745879250.715228,3.0
1745879250.7300808,3.0
1745879250.7400928,2.0
1745879250.7549381,3.0
1745879250.7649443,2.0
1745879250.7749534,2.0
1745879250.7849734,2.0
1745879250.7950208,2.0
1745879250.8098824,3.0
1745879250.824768,3.0
1745879250.8396235,3.0
1745879250.8544917,3.0
1745879250.864512,2.0
1745879250.8794231,3.0
1745879250.8942673,3.0
1745879250.9042752,2.0
1745879250.914357,2.0
1745879250.9243836,2.0
1745879250.9392605,3.0
1745879250.94931,2.0
1745879250.9641447,3.0
1745879250.974534,2.0
1745879250.9847727,2.0
1745879250.994788,2.0
1745879251.0096529,3.0
1745879251.0196643,2.0
1745879251.0345159,3.0
1745879251.049397,3.0
1745879251.0642545,3.0
1745879251.0755637,2.0
1745879251.0904264,3.0
1745879251.1004612,2.0
1745879251.1153266,3.0
1745879251.1253371,2.0
1745879251.135559,2.0
1745879251.1504188,3.0
1745879251.1604285,2.0
1745879251.1704304,2.0
1745879251.1804597,2.0
1745879251.1953337,3.0
1745879251.2101712,3.0
1745879251.2201955,2.0
1745879251.235042,3.0
1745879251.2450542,2.0
1745879251.2556386,2.0
1745879251.2663481,2.0
1745879251.2812655,3.0
1745879251.2912717,2.0
1745879251.3020859,2.0
1745879251.3168275,3.0
1745879251.3316872,3.0
1745879251.342005,2.0
1745879251.3567595,3.0
1745879251.3667755,2.0
1745879251.3768294,2.0
1745879251.387125,2.0
1745879251.4019496,3.0
1745879251.411971,2.0
1745879251.4268234,3.0
1745879251.4368355,2.0
1745879251.4468482,2.0
1745879251.4568655,2.0
1745879251.4669015,2.0
1745879251.4769278,2.0
1745879251.4917808,3.0
1745879251.5018005,2.0
1745879251.5118241,2.0
1745879251.5266893,3.0
1745879251.5416145,3.0
1745879251.5516198,2.0
1745879251.5664592,3.0
1745879251.5765288,2.0
1745879251.5865357,2.0
1745879251.5965576,2.0
1745879251.6114342,3.0
1745879251.6214354,2.0
1745879251.6314416,2.0
1745879251.6414511,2.0
1745879251.6514783,2.0
1745879251.6614847,2.0
1745879251.6714873,2.0
1745879251.68152,2.0
1745879251.6963801,3.0
1745879251.7112653,3.0
1745879251.721435,2.0
1745879251.7362726,3.0
1745879251.7462883,2.0
1745879251.7565274,2.0
1745879251.7713833,3.0
1745879251.7814062,2.0
1745879251.7962337,3.0
1745879251.811107,3.0
1745879251.8211086,2.0
1745879251.831118,2.0
1745879251.8459814,3.0
1745879251.8608596,3.0
1745879251.8757412,3.0
1745879251.8857927,2.0
1745879251.9006479,3.0
1745879251.910659,2.0
1745879251.9211326,2.0
1745879251.9360054,3.0
1745879251.9508712,3.0
1745879251.9609106,2.0
1745879251.9758482,3.0
1745879251.9858787,2.0
1745879252.000757,3.0
1745879252.011294,2.0
1745879252.0261378,3.0
1745879252.0361543,2.0
1745879252.0509994,3.0
1745879252.0610068,2.0
1745879252.072253,2.0
1745879252.0869803,3.0
1745879252.1084785,3.0
1745879252.1207683,1.0
1745879252.1353805,3.0
1745879252.1501079,3.0
1745879252.1649182,3.0
1745879252.1749315,2.0
1745879252.1897712,3.0
1745879252.204589,3.0
1745879252.219417,3.0
1745879252.2342377,3.0
1745879252.2490623,3.0
1745879252.2603204,2.0
1745879252.275121,3.0
1745879252.290009,3.0
1745879252.3002832,2.0
1745879252.3102963,2.0
1745879252.3251386,3.0
1745879252.340148,3.0
1745879252.355019,3.0
1745879252.3650482,2.0
1745879252.3750618,2.0
1745879252.3851717,2.0
1745879252.400015,3.0
1745879252.4148529,3.0
1745879252.4309583,3.0
1745879252.441158,2.0
1745879252.4511583,2.0
1745879252.4660292,3.0
1745879252.4808772,3.0
1745879252.4957182,3.0
1745879252.5105731,3.0
1745879252.5254219,3.0
1745879252.5402987,3.0
1745879252.5551062,3.0
1745879252.5699587,3.0
1745879252.584775,3.0
1745879252.5948393,2.0
1745879252.6048481,2.0
1745879252.619695,3.0
1745879252.6345274,3.0
1745879252.6494026,3.0
1745879252.664247,3.0
1745879252.679074,3.0
1745879252.6939173,3.0
1745879252.7087407,3.0
1745879252.7235777,3.0
1745879252.7384322,3.0
1745879252.7532997,3.0
1745879252.7681196,3.0
1745879252.7781413,2.0
1745879252.788155,2.0
1745879252.803002,3.0
1745879252.8178682,3.0
1745879252.8327541,3.0
1745879252.8476193,3.0
1745879252.8624358,3.0
1745879252.877276,3.0
1745879252.8873382,2.0
1745879252.9021192,3.0
1745879252.9169724,3.0
1745879252.931832,3.0
1745879252.946662,3.0
1745879252.96152,3.0
1745879252.9764006,3.0
1745879252.9864256,2.0
1745879253.001778,2.0
1745879253.0171227,3.0
1745879253.0319743,3.0
1745879253.0467892,3.0
1745879253.0616496,3.0
1745879253.072633,2.0
1745879253.0826612,2.0
1745879253.0926616,2.0
1745879253.1075246,3.0
1745879253.122375,3.0
1745879253.1372375,3.0
1745879253.147447,2.0
1745879253.1575365,2.0
1745879253.172373,3.0
1745879253.1872358,3.0
1745879253.2020733,3.0
1745879253.216928,3.0
1745879253.231754,3.0
1745879253.246603,3.0
1745879253.2578247,2.0
1745879253.268067,2.0
1745879253.282915,3.0
1745879253.2929204,2.0
1745879253.3037102,2.0
1745879253.3184779,3.0
1745879253.3333426,3.0
1745879253.3435993,2.0
1745879253.358376,3.0
1745879253.3732555,3.0
1745879253.3835824,2.0
1745879253.398398,3.0
1745879253.413276,3.0
1745879253.4233234,2.0
1745879253.4381588,3.0
1745879253.448177,2.0
1745879253.4630113,3.0
1745879253.4778557,3.0
1745879253.4878576,2.0
1745879253.5027025,3.0
1745879253.517592,3.0
1745879253.5324364,3.0
1745879253.5472827,3.0
1745879253.5620928,3.0
1745879253.5769625,3.0
1745879253.5869827,2.0
1745879253.6018023,3.0
1745879253.6118102,2.0
1745879253.6266181,3.0
1745879253.6366248,2.0
1745879253.6514554,3.0
1745879253.6662743,3.0
1745879253.6811244,3.0
1745879253.6960034,3.0
1745879253.7108529,3.0
1745879253.7209725,2.0
1745879253.7359338,3.0
1745879253.7459457,2.0
1745879253.760848,3.0
1745879253.7756724,3.0
1745879253.7905266,3.0
1745879253.8005679,2.0
1745879253.8154128,3.0
1745879253.8302326,3.0
1745879253.8450909,3.0
1745879253.8599408,3.0
1745879253.8747706,3.0
1745879253.8896334,3.0
1745879253.9044905,3.0
1745879253.9193394,3.0
1745879253.9341748,3.0
1745879253.9442139,2.0
1745879253.9590344,3.0
1745879253.9740272,3.0
1745879253.9889112,3.0
1745879254.0037735,3.0
1745879254.0186183,3.0
1745879254.0334883,3.0
1745879254.0483506,3.0
1745879254.063186,3.0
1745879254.0743568,2.0
1745879254.0891442,3.0
1745879254.1039824,3.0
1745879254.1187937,3.0
1745879254.133639,3.0
1745879254.1485124,3.0
1745879254.163345,3.0
1745879254.1782012,3.0
1745879254.1930537,3.0
1745879254.207897,3.0
1745879254.2227128,3.0
1745879254.2375658,3.0
1745879254.252864,3.0
1745879254.263598,2.0
1745879254.2784266,3.0
1745879254.2884738,2.0
1745879254.3039978,3.0
1745879254.3187606,3.0
1745879254.3336,3.0
1745879254.3437963,2.0
1745879254.358578,3.0
1745879254.3734303,3.0
1745879254.3836825,2.0
1745879254.3985043,3.0
1745879254.4133577,3.0
1745879254.428155,3.0
1745879254.442965,3.0
1745879254.4578302,3.0
1745879254.472662,3.0
1745879254.4874723,3.0
1745879254.5023086,3.0
1745879254.517195,3.0
1745879254.532025,3.0
1745879254.5468292,3.0
1745879254.5616703,3.0
1745879254.5765448,3.0
1745879254.5913918,3.0
1745879254.6062272,3.0
1745879254.6210804,3.0
1745879254.6359584,3.0
1745879254.6508234,3.0
1745879254.6656702,3.0
1745879254.6805139,3.0
1745879254.690534,2.0
1745879254.7053666,3.0
1745879254.715371,2.0
1745879254.7301958,3.0
1745879254.7450278,3.0
1745879254.7598379,3.0
1745879254.7746618,3.0
1745879254.789506,3.0
1745879254.8043423,3.0
1745879254.8191905,3.0
1745879254.8340008,3.0
1745879254.8488507,3.0
1745879254.8636475,3.0
1745879254.8784838,3.0
1745879254.89333,3.0
1745879254.908146,3.0
1745879254.9230742,3.0
1745879254.933081,2.0
1745879254.9479382,3.0
1745879254.9627764,3.0
1745879254.9729326,2.0
1745879254.9878147,3.0
1745879255.002671,3.0
1745879255.0175087,3.0
1745879255.0323555,3.0
1745879255.0426364,2.0
1745879255.0526385,2.0
1745879255.0674524,3.0
1745879255.0783055,2.0
1745879255.0931566,3.0
1745879255.1080217,3.0
1745879255.1228337,3.0
1745879255.137685,3.0
1745879255.152512,3.0
1745879255.1628032,2.0
1745879255.1776495,3.0
1745879255.1876526,2.0
1745879255.2024646,3.0
1745879255.217326,3.0
1745879255.2321432,3.0
1745879255.2469578,3.0
1745879255.2577107,2.0
1745879255.2682087,2.0
1745879255.283027,3.0
1745879255.293041,2.0
1745879255.3037858,2.0
1745879255.3185463,3.0
1745879255.3333695,3.0
1745879255.3436246,2.0
1745879255.3583877,3.0
1745879255.373264,3.0
1745879255.383355,2.0
1745879255.3982005,3.0
1745879255.413058,3.0
1745879255.4278967,3.0
1745879255.4427223,3.0
1745879255.4527254,2.0
1745879255.4627438,2.0
1745879255.4727526,2.0
1745879255.4875882,3.0
1745879255.502433,3.0
1745879255.5172803,3.0
1745879255.5320878,3.0
1745879255.5469081,3.0
1745879255.5617502,3.0
1745879255.5765662,3.0
1745879255.5914466,3.0
1745879255.6026325,2.0
1745879255.6142225,2.0
1745879255.629082,3.0
1745879255.6439092,3.0
1745879255.6587555,3.0
1745879255.673578,3.0
1745879255.6883817,3.0
1745879255.703248,3.0
1745879255.718053,3.0
1745879255.7329185,3.0
1745879255.7477489,3.0
1745879255.762549,3.0
1745879255.7773786,3.0
1745879255.792215,3.0
1745879255.8070028,3.0
1745879255.8218446,3.0
1745879255.8367102,3.0
1745879255.851538,3.0
1745879255.8663812,3.0
1745879255.8812234,3.0
1745879255.8960462,3.0
1745879255.910896,3.0
1745879255.925744,3.0
1745879255.9359946,2.0
1745879255.9508445,3.0
1745879255.9657137,3.0
1745879255.9757557,2.0
1745879255.985792,2.0
1745879256.0006568,3.0
1745879256.0154934,3.0
1745879256.0303059,3.0
1745879256.045168,3.0
1745879256.0551991,2.0
1745879256.071202,3.0
1745879256.0812201,2.0
1745879256.0915017,2.0
1745879256.1063128,3.0
1745879256.1211643,3.0
1745879256.1359482,3.0
1745879256.150773,3.0
1745879256.1656253,3.0
1745879256.1804764,3.0
1745879256.1952817,3.0
1745879256.210102,3.0
1745879256.2249606,3.0
1745879256.2397785,3.0
1745879256.255326,3.0
1745879256.265795,2.0
1745879256.2806199,3.0
1745879256.2954702,3.0
1745879256.306086,2.0
1745879256.3209121,3.0
1745879256.3359427,3.0
1745879256.3461502,2.0
1745879256.3609614,3.0
1745879256.3758247,3.0
1745879256.386018,2.0
1745879256.4008281,3.0
1745879256.4156845,3.0
1745879256.4305167,3.0
1745879256.4407125,2.0
1745879256.4555638,3.0
1745879256.465589,2.0
1745879256.475748,2.0
1745879256.4905615,3.0
1745879256.5054274,3.0
1745879256.5202239,3.0
1745879256.5350516,3.0
1745879256.5498645,3.0
1745879256.5646923,3.0
1745879256.5794978,3.0
1745879256.5943227,3.0
1745879256.6091356,3.0
1745879256.6239657,3.0
1745879256.6387641,3.0
1745879256.6536052,3.0
1745879256.6684015,3.0
1745879256.6832342,3.0
1745879256.6980925,3.0
1745879256.7129533,3.0
1745879256.722959,2.0
1745879256.733102,2.0
1745879256.7479563,3.0
1745879256.7627738,3.0
1745879256.7776115,3.0
1745879256.7924993,3.0
1745879256.8073769,3.0
1745879256.8221822,3.0
1745879256.83703,3.0
1745879256.8518517,3.0
1745879256.8666859,3.0
1745879256.8815303,3.0
1745879256.8963592,3.0
1745879256.9111912,3.0
1745879256.926041,3.0
1745879256.94088,3.0
1745879256.9556892,3.0
1745879256.9705048,3.0
1745879256.980514,2.0
1745879256.9953556,3.0
1745879257.0101924,3.0
1745879257.0250397,3.0
1745879257.039892,3.0
1745879257.0547023,3.0
1745879257.0707214,3.0
1745879257.0807567,2.0
1745879257.0955892,3.0
1745879257.110441,3.0
1745879257.1252637,3.0
1745879257.140108,3.0
1745879257.1549158,3.0
1745879257.1697774,3.0
1745879257.1800005,2.0
1745879257.1900253,2.0
1745879257.2000358,2.0
1745879257.2100437,2.0
1745879257.2200599,2.0
1745879257.2300673,2.0
1745879257.240073,2.0
1745879257.2569792,3.0
1745879257.2718523,3.0
1745879257.2818985,2.0
1745879257.2976043,3.0
1745879257.31235,3.0
1745879257.32236,2.0
1745879257.3323634,2.0
1745879257.3425775,2.0
1745879257.352627,2.0
1745879257.367486,3.0
1745879257.3823473,3.0
1745879257.392512,2.0
1745879257.4025335,2.0
1745879257.4175274,3.0
1745879257.4275358,2.0
1745879257.4423735,3.0
1745879257.4523778,2.0
1745879257.4623895,2.0
1745879257.4723942,2.0
1745879257.4872427,3.0
1745879257.502122,3.0
1745879257.5169933,3.0
1745879257.5270288,2.0
1745879257.5418627,3.0
1745879257.5567245,3.0
1745879257.5716,3.0
1745879257.5864668,3.0
1745879257.5964727,2.0
1745879257.6064756,2.0
1745879257.6213531,3.0
1745879257.631393,2.0
1745879257.6476357,2.0
1745879257.659294,1.0
1745879257.673995,3.0
1745879257.6888375,3.0
1745879257.7036943,3.0
1745879257.718548,3.0
1745879257.728554,2.0
1745879257.7434158,3.0
1745879257.7582717,3.0
1745879257.773152,3.0
1745879257.7831793,2.0
1745879257.7931948,2.0
1745879257.8080423,3.0
1745879257.8180516,2.0
1745879257.8280537,2.0
1745879257.8380585,2.0
1745879257.852931,3.0
1745879257.8678052,3.0
1745879257.8826425,3.0
1745879257.8926427,2.0
1745879257.902647,2.0
1745879257.9127061,2.0
1745879257.9275603,3.0
1745879257.9424243,3.0
1745879257.9573038,3.0
1745879257.9673364,2.0
1745879257.977553,2.0
1745879257.9876459,2.0
1745879258.002487,3.0
1745879258.0173447,3.0
1745879258.0273514,2.0
1745879258.0422094,3.0
1745879258.0522172,2.0
1745879258.0670557,3.0
1745879258.0780637,2.0
1745879258.0929108,3.0
1745879258.1077945,3.0
1745879258.122644,3.0
1745879258.137913,3.0
1745879258.152786,3.0
1745879258.1676328,3.0
1745879258.1824846,3.0
1745879258.1925104,2.0
1745879258.2025225,2.0
1745879258.2173877,3.0
1745879258.2273974,2.0
1745879258.2422416,3.0
1745879258.2533567,2.0
1745879258.264439,2.0
1745879258.2792892,3.0
1745879258.294154,3.0
1745879258.3048759,2.0
1745879258.3197315,3.0
1745879258.3297436,2.0
1745879258.339831,2.0
1745879258.3546524,3.0
1745879258.3695304,3.0
1745879258.3795304,2.0
1745879258.3896394,2.0
1745879258.400136,2.0
1745879258.414981,3.0
1745879258.4298463,3.0
1745879258.4447174,3.0
1745879258.4595942,3.0
1745879258.4744778,3.0
1745879258.4893644,3.0
1745879258.4993687,2.0
1745879258.509377,2.0
1745879258.5194192,2.0
1745879258.534272,3.0
1745879258.5491278,3.0
1745879258.5639749,3.0
1745879258.5739763,2.0
1745879258.5888662,3.0
1745879258.6037335,3.0
1745879258.618582,3.0
1745879258.6334615,3.0
1745879258.6434977,2.0
1745879258.6583421,3.0
1745879258.6683462,2.0
1745879258.683201,3.0
1745879258.698069,3.0
1745879258.7080767,2.0
1745879258.7180917,2.0
1745879258.7280962,2.0
1745879258.7429478,3.0
1745879258.757819,3.0
1745879258.767825,2.0
1745879258.7826612,3.0
1745879258.7975268,3.0
1745879258.812383,3.0
1745879258.827275,3.0
1745879258.842102,3.0
1745879258.8521042,2.0
1745879258.8669565,3.0
1745879258.8769853,2.0
1745879258.8918338,3.0
1745879258.9066985,3.0
1745879258.9166992,2.0
1745879258.931569,3.0
1745879258.9464428,3.0
1745879258.9613116,3.0
1745879258.9762392,3.0
1745879258.9864082,2.0
1745879258.9964182,2.0
1745879259.006426,2.0
1745879259.021269,3.0
1745879259.0312965,2.0
1745879259.046126,3.0
1745879259.0561354,2.0
1745879259.0720763,3.0
1745879259.0824034,2.0
1745879259.0924554,2.0
1745879259.10251,2.0
1745879259.1125636,2.0
1745879259.1226032,2.0
1745879259.1326497,2.0
1745879259.142695,2.0
1745879259.1527412,2.0
1745879259.1628084,2.0
1745879259.1728263,2.0
1745879259.1829016,2.0
1745879259.1933959,2.0
1745879259.203445,2.0
1745879259.2134867,2.0
1745879259.2235587,2.0
1745879259.2335966,2.0
1745879259.2436209,2.0
1745879259.2546167,2.0
1745879259.2655132,2.0
1745879259.2755482,2.0
1745879259.285585,2.0
1745879259.2956014,2.0
1745879259.3062398,2.0
1745879259.3162944,2.0
1745879259.3263292,2.0
1745879259.3363686,2.0
1745879259.3466318,2.0
1745879259.3566809,2.0
1745879259.36672,2.0
1745879259.3767502,2.0
1745879259.3867898,2.0
1745879259.3968375,2.0
1745879259.4068851,2.0
1745879259.4168947,2.0
1745879259.4269962,2.0
1745879259.4370124,2.0
1745879259.4470599,2.0
1745879259.4570742,2.0
1745879259.467098,2.0
1745879259.4771314,2.0
1745879259.487175,2.0
1745879259.4971838,2.0
1745879259.5072224,2.0
1745879259.5221062,3.0
1745879259.5321417,2.0
1745879259.5421596,2.0
1745879259.552195,2.0
1745879259.5622315,2.0
1745879259.5722728,2.0
1745879259.5823236,2.0
1745879259.5924137,2.0
1745879259.602507,2.0
1745879259.6125531,2.0
1745879259.6225908,2.0
1745879259.6326358,2.0
1745879259.6426728,2.0
1745879259.6526964,2.0
1745879259.6627293,2.0
1745879259.6727815,2.0
1745879259.682859,2.0
1745879259.6929042,2.0
1745879259.7029235,2.0
1745879259.7129831,2.0
1745879259.7230186,2.0
1745879259.7330625,2.0
1745879259.7431188,2.0
1745879259.7531714,2.0
1745879259.7632272,2.0
1745879259.7732337,2.0
1745879259.7832856,2.0
1745879259.7933042,2.0
1745879259.8033347,2.0
1745879259.8133926,2.0
1745879259.8234313,2.0
1745879259.8335023,2.0
1745879259.8435729,2.0
1745879259.8536026,2.0
1745879259.8636382,2.0
1745879259.8736758,2.0
1745879259.883705,2.0
1745879259.8937762,2.0
1745879259.9037964,2.0
1745879259.9138274,2.0
1745879259.923894,2.0
1745879259.93399,2.0
1745879259.9440353,2.0
1745879259.9540806,2.0
1745879259.96411,2.0
1745879259.974275,2.0
1745879259.9844487,2.0
1745879259.9944956,2.0
1745879260.0045354,2.0
1745879260.0145411,2.0
1745879260.029427,3.0
1745879260.0394783,2.0
1745879260.0543406,3.0
1745879260.064384,2.0
1745879260.0757225,2.0
1745879260.085734,2.0
1745879260.100607,3.0
1745879260.1106222,2.0
1745879260.1254594,3.0
1745879260.1355133,2.0
1745879260.150372,3.0
1745879260.165225,3.0
1745879260.1800685,3.0
1745879260.1900823,2.0
1745879260.2000895,2.0
1745879260.214953,3.0
1745879260.2298295,3.0
1745879260.2398384,2.0
1745879260.256729,3.0
1745879260.2715101,3.0
1745879260.286368,3.0
1745879260.296837,2.0
1745879260.3180509,3.0
1745879260.3298624,1.0
1745879260.3401308,2.0
1745879260.354916,3.0
1745879260.369808,3.0
1745879260.379808,2.0
1745879260.3900034,2.0
1745879260.4048924,3.0
1745879260.4197617,3.0
1745879260.4297667,2.0
1745879260.4446137,3.0
1745879260.4546652,2.0
1745879260.4695072,3.0
1745879260.4795887,2.0
1745879260.4944758,3.0
1745879260.5044782,2.0
1745879260.5144897,2.0
1745879260.5245101,2.0
1745879260.5345273,2.0
1745879260.5494094,3.0
1745879260.5642617,3.0
1745879260.5742648,2.0
1745879260.5842738,2.0
1745879260.594317,2.0
1745879260.6043513,2.0
1745879260.6147041,2.0
1745879260.626877,2.0
1745879260.6417081,3.0
1745879260.6517558,2.0
1745879260.666619,3.0
1745879260.6768005,2.0
1745879260.6868095,2.0
1745879260.6968172,2.0
1745879260.7069263,2.0
1745879260.7171943,2.0
1745879260.7272608,2.0
1745879260.742115,3.0
1745879260.7569873,3.0
1745879260.771866,3.0
1745879260.786702,3.0
1745879260.8015704,3.0
1745879260.8115783,2.0
1745879260.8264122,3.0
1745879260.8364258,2.0
1745879260.8512769,3.0
1745879260.8661315,3.0
1745879260.8810008,3.0
1745879260.8910055,2.0
1745879260.9058435,3.0
1745879260.9158754,2.0
1745879260.9307065,3.0
1745879260.9455736,3.0
1745879260.9555845,2.0
1745879260.9658208,2.0
1745879260.9759028,2.0
1745879260.9859161,2.0
1745879260.995968,2.0
1745879261.0059714,2.0
1745879261.015986,2.0
1745879261.0308523,3.0
1745879261.0408683,2.0
1745879261.0508735,2.0
1745879261.0657384,3.0
1745879261.0770295,2.0
1745879261.0918486,3.0
1745879261.1018739,2.0
1745879261.1167407,3.0
1745879261.1316092,3.0
1745879261.146454,3.0
1745879261.1564593,2.0
1745879261.1713185,3.0
1745879261.1813588,2.0
1745879261.1914723,2.0
1745879261.2014823,2.0
1745879261.211767,2.0
1745879261.2217875,2.0
1745879261.2318153,2.0
1745879261.2418199,2.0
1745879261.2521534,2.0
1745879261.2631724,2.0
1745879261.2780313,3.0
1745879261.2880442,2.0
1745879261.3036838,3.0
1745879261.318476,3.0
1745879261.3333457,3.0
1745879261.3435838,2.0
1745879261.3583713,3.0
1745879261.368395,2.0
1745879261.3832638,3.0
1745879261.3933678,2.0
1745879261.403369,2.0
1745879261.4182408,3.0
1745879261.4282448,2.0
1745879261.4382477,2.0
1745879261.4531152,3.0
1745879261.4682243,3.0
1745879261.4830935,3.0
1745879261.4979663,3.0
1745879261.5128398,3.0
1745879261.5276897,3.0
1745879261.5425572,3.0
1745879261.5574365,3.0
1745879261.5723023,3.0
1745879261.582306,2.0
1745879261.5923882,2.0
1745879261.6072783,3.0
1745879261.6221075,3.0
1745879261.6321118,2.0
1745879261.6421258,2.0
1745879261.6521304,2.0
1745879261.6669676,3.0
1745879261.681833,3.0
1745879261.6966808,3.0
1745879261.711568,3.0
1745879261.7264135,3.0
1745879261.7364266,2.0
1745879261.7512977,3.0
1745879261.766147,3.0
1745879261.7810342,3.0
1745879261.7959316,3.0
1745879261.810788,3.0
1745879261.8208208,2.0
1745879261.8356726,3.0
1745879261.8505466,3.0
1745879261.8605642,2.0
1745879261.8754091,3.0
1745879261.8902712,3.0
1745879261.9051464,3.0
1745879261.9151785,2.0
1745879261.930016,3.0
1745879261.9400568,2.0
1745879261.9548895,3.0
1745879261.9649024,2.0
1745879261.974989,2.0
1745879261.9851134,2.0
1745879261.995126,2.0
1745879262.0051272,2.0
1745879262.0200024,3.0
1745879262.034843,3.0
1745879262.0448494,2.0
1745879262.0596855,3.0
1745879262.070769,2.0
1745879262.0809953,2.0
1745879262.0910046,2.0
1745879262.1010191,2.0
1745879262.1158683,3.0
1745879262.125885,2.0
1745879262.1407425,3.0
1745879262.1556296,3.0
1745879262.170487,3.0
1745879262.185339,3.0
1745879262.1953785,2.0
1745879262.2102413,3.0
1745879262.220251,2.0
1745879262.2302547,2.0
1745879262.245118,3.0
1745879262.2557561,2.0
1745879262.266444,2.0
1745879262.281294,3.0
1745879262.2961345,3.0
1745879262.3067856,2.0
1745879262.321619,3.0
1745879262.3364801,3.0
1745879262.346552,2.0
1745879262.3614044,3.0
1745879262.3762317,3.0
1745879262.3912535,3.0
1745879262.4060519,3.0
1745879262.4209056,3.0
1745879262.4357307,3.0
1745879262.4505675,3.0
1745879262.4654593,3.0
1745879262.4802783,3.0
1745879262.4950786,3.0
1745879262.5099041,3.0
1745879262.5248086,3.0
1745879262.5396757,3.0
1745879262.5544615,3.0
1745879262.569311,3.0
1745879262.584165,3.0
1745879262.5990193,3.0
1745879262.6138577,3.0
1745879262.6239429,2.0
1745879262.6387162,3.0
1745879262.6535757,3.0
1745879262.6684108,3.0
1745879262.6832473,3.0
1745879262.6980393,3.0
1745879262.7129219,3.0
1745879262.7277546,3.0
1745879262.7426047,3.0
1745879262.757473,3.0
1745879262.7722938,3.0
1745879262.7870705,3.0
1745879262.797075,2.0
1745879262.8118858,3.0
1745879262.8267014,3.0
1745879262.8367503,2.0
1745879262.8467836,2.0
1745879262.8616261,3.0
1745879262.8765113,3.0
1745879262.8913224,3.0
1745879262.9061346,3.0
1745879262.9210002,3.0
1745879262.9358046,3.0
1745879262.9506226,3.0
1745879262.9654543,3.0
1745879262.9803238,3.0
1745879262.9903548,2.0
1745879263.0079417,2.0
1745879263.0227861,3.0
1745879263.0376441,3.0
1745879263.0524812,3.0
1745879263.0673413,3.0
1745879263.0782804,2.0
1745879263.09312,3.0
1745879263.1079488,3.0
1745879263.1227791,3.0
1745879263.137631,3.0
1745879263.152463,3.0
1745879263.1672914,3.0
1745879263.1821048,3.0
1745879263.1969883,3.0
1745879263.2070804,2.0
1745879263.2219234,3.0
1745879263.2321064,2.0
1745879263.2469397,3.0
1745879263.2585683,2.0
1745879263.2686923,2.0
1745879263.283524,3.0
1745879263.2983475,3.0
1745879263.308952,2.0
1745879263.3237925,3.0
1745879263.3386002,3.0
1745879263.3486757,2.0
1745879263.3634896,3.0
1745879263.3782897,3.0
1745879263.3934832,3.0
1745879263.4083047,3.0
1745879263.423109,3.0
1745879263.4379065,3.0
1745879263.4527748,3.0
1745879263.4676096,3.0
1745879263.482396,3.0
1745879263.4972823,3.0
1745879263.5121338,3.0
1745879263.526953,3.0
1745879263.5417476,3.0
1745879263.5565693,3.0
1745879263.571363,3.0
1745879263.586155,3.0
1745879263.601055,3.0
1745879263.6158454,3.0
1745879263.6306534,3.0
1745879263.6456435,3.0
1745879263.6604922,3.0
1745879263.675308,3.0
1745879263.6901095,3.0
1745879263.7049334,3.0
1745879263.719742,3.0
1745879263.7345371,3.0
1745879263.749396,3.0
1745879263.7642384,3.0
1745879263.7790463,3.0
1745879263.7938545,3.0
1745879263.8087323,3.0
1745879263.823533,3.0
1745879263.8383756,3.0
1745879263.8532207,3.0
1745879263.868046,3.0
1745879263.8828351,3.0
1745879263.8976274,3.0
1745879263.9124506,3.0
1745879263.927237,3.0
1745879263.9420133,3.0
1745879263.9569066,3.0
1745879263.9717858,3.0
1745879263.9866486,3.0
1745879263.9966557,2.0
1745879264.0114944,3.0
1745879264.0263681,3.0
1745879264.041262,3.0
1745879264.0513234,2.0
1745879264.0661895,3.0
1745879264.0777988,2.0
1745879264.0877998,2.0
1745879264.0978315,2.0
1745879264.107859,2.0
1745879264.1179156,2.0
1745879264.1279488,2.0
1745879264.1380162,2.0
1745879264.1480303,2.0
1745879264.158113,2.0
1745879264.1681433,2.0
1745879264.183038,3.0
1745879264.1930428,2.0
1745879264.2079058,3.0
1745879264.2227771,3.0
1745879264.2376463,3.0
1745879264.2476466,2.0
1745879264.2591279,2.0
1745879264.273952,3.0
1745879264.2839706,2.0
1745879264.2991176,3.0
1745879264.309125,2.0
1745879264.3191285,2.0
1745879264.3308558,1.0
1745879264.3434362,1.0
1745879264.3580837,3.0
1745879264.3729842,3.0
1745879264.3829913,2.0
1745879264.3931258,2.0
1745879264.4031386,2.0
1745879264.4180076,3.0
1745879264.4280128,2.0
1745879264.4380198,2.0
1745879264.4529178,3.0
1745879264.462936,2.0
1745879264.4777765,3.0
1745879264.4926708,3.0
1745879264.5075414,3.0
1745879264.5224154,3.0
1745879264.5372882,3.0
1745879264.54732,2.0
1745879264.557345,2.0
1745879264.5722265,3.0
1745879264.5822425,2.0
1745879264.5971034,3.0
1745879264.6071215,2.0
1745879264.6171236,2.0
1745879264.6271303,2.0
1745879264.6419978,3.0
1745879264.6520224,2.0
1745879264.6668742,3.0
1745879264.6768942,2.0
1745879264.6868994,2.0
1745879264.7017698,3.0
1745879264.7117765,2.0
1745879264.7218041,2.0
1745879264.736695,3.0
1745879264.7515767,3.0
1745879264.7664318,3.0
1745879264.7764318,2.0
1745879264.7864645,2.0
1745879264.7964659,2.0
1745879264.8113492,3.0
1745879264.8262258,3.0
1745879264.8411093,3.0
1745879264.8559935,3.0
1745879264.870847,3.0
1745879264.8808727,2.0
1745879264.8908958,2.0
1745879264.9009109,2.0
1745879264.9109187,2.0
1745879264.9209383,2.0
1745879264.9309983,2.0
1745879264.9410386,2.0
1745879264.9510446,2.0
1745879264.9610593,2.0
1745879264.97109,2.0
1745879264.9811053,2.0
1745879264.9911106,2.0
1745879265.001166,2.0
1745879265.0160427,3.0
1745879265.0260575,2.0
1745879265.0360596,2.0
1745879265.0509377,3.0
1745879265.0611484,2.0
1745879265.0723023,2.0
1745879265.0827656,2.0
1745879265.0976646,3.0
1745879265.1125002,3.0
1745879265.1273534,3.0
1745879265.1423583,3.0
1745879265.157194,3.0
1745879265.172043,3.0
1745879265.182222,2.0
1745879265.1971023,3.0
1745879265.2119663,3.0
1745879265.2267895,3.0
1745879265.242031,3.0
1745879265.2522593,2.0
1745879265.2632804,2.0
1745879265.2780755,3.0
1745879265.2929158,3.0
1745879265.303632,2.0
1745879265.3184242,3.0
1745879265.333341,3.0
1745879265.343384,2.0
1745879265.35823,3.0
1745879265.3730524,3.0
1745879265.387908,3.0
1745879265.3980315,2.0
1745879265.407984,2.0
