time,value
1758264968.4503307,1.0
1758264968.4694371,1.0
1758264968.4883773,1.0
1758264968.507288,1.0
1758264968.5261269,1.0
1758264968.5450175,1.0
1758264968.5639849,1.0
1758264968.5828357,1.0
1758264968.6018202,1.0
1758264968.6207817,1.0
1758264968.641159,1.0
1758264968.6600215,1.0
1758264968.679023,1.0
1758264968.6988864,1.0
1758264968.7177086,1.0
1758264968.7366505,1.0
1758264968.7555099,1.0
1758264968.7743568,1.0
1758264968.793189,1.0
1758264968.8132823,1.0
1758264968.8320985,1.0
1758264968.850989,1.0
1758264968.8727078,1.0
1758264968.8915792,1.0
1758264968.9104264,1.0
1758264968.9306364,1.0
1758264968.9516435,1.0
1758264968.9727035,1.0
1758264968.9938023,1.0
1758264969.014932,1.0
1758264969.035841,1.0
1758264969.0567887,1.0
1758264969.0814981,1.0
1758264969.102432,1.0
1758264969.1232102,1.0
1758264969.1435287,1.0
1758264969.1704009,1.0
1758264969.2026396,1.0
1758264969.232344,1.0
1758264969.2529943,1.0
1758264969.2897296,1.0
1758264969.3115244,1.0
1758264969.333359,1.0
1758264969.3634725,1.0
1758264969.3916988,1.0
1758264969.4389782,1.0
1758264969.4724822,1.0
1758264969.4930224,1.0
1758264969.5133784,1.0
1758264969.5339434,1.0
1758264969.5557323,1.0
1758264969.5746984,1.0
1758264969.5962496,1.0
1758264969.6198535,1.0
1758264969.6404862,1.0
1758264969.6964934,1.0
1758264969.7570896,1.0
1758264969.817542,1.0
1758264969.8778923,1.0
1758264969.9342253,1.0
1758264969.9954057,1.0
1758264970.056283,1.0
1758264970.113506,1.0
1758264970.1752443,1.0
1758264970.2320366,1.0
1758264970.2932742,1.0
1758264970.3538654,1.0
1758264970.4277337,1.0
1758264970.4880202,1.0
1758264970.549029,1.0
1758264970.6104236,1.0
1758264970.6875734,1.0
1758264970.7467084,1.0
1758264970.8075793,1.0
1758264970.868094,1.0
1758264970.92824,1.0
1758264970.9883816,1.0
1758264971.0424855,1.0
1758264971.10251,1.0
1758264971.1645153,1.0
1758264971.224225,1.0
1758264971.284535,1.0
1758264971.3454742,1.0
1758264971.4059627,1.0
1758264971.4655514,1.0
1758264971.5270946,1.0
1758264971.5865366,1.0
1758264971.6170573,1.0
1758264971.6788194,1.0
1758264971.7406003,1.0
1758264971.8022478,1.0
1758264971.8656445,1.0
1758264971.927004,1.0
1758264971.9893968,1.0
1758264972.0516956,1.0
1758264972.1140254,1.0
1758264972.175645,1.0
1758264972.2371356,1.0
1758264972.2983577,1.0
1758264972.3586888,1.0
1758264972.4191515,1.0
1758264972.4856215,1.0
1758264972.540713,1.0
1758264972.6015687,1.0
1758264972.6620102,1.0
1758264972.7230654,1.0
1758264972.7836454,1.0
1758264972.8437803,1.0
1758264972.9045932,1.0
1758264972.9743183,1.0
1758264973.030406,1.0
1758264973.0871723,1.0
1758264973.1458743,1.0
1758264973.2040544,1.0
1758264973.2626286,1.0
1758264973.3213189,1.0
1758264973.3799784,1.0
1758264973.4388325,1.0
1758264973.4975083,1.0
1758264973.5561435,1.0
1758264973.6120007,1.0
1758264973.6365955,1.0
1758264973.6933105,1.0
1758264973.7520368,1.0
1758264973.8113856,1.0
1758264973.8705506,1.0
1758264973.9322097,1.0
1758264973.9958937,1.0
1758264974.0586722,1.0
1758264974.1178377,1.0
1758264974.1770282,1.0
1758264974.236128,1.0
1758264974.295329,1.0
1758264974.354389,1.0
1758264974.4134429,1.0
1758264974.4710727,1.0
1758264974.5305011,1.0
1758264974.5895932,1.0
1758264974.6486394,1.0
1758264974.7084959,1.0
1758264974.7678258,1.0
1758264974.8270974,1.0
1758264974.885701,1.0
1758264974.9540331,1.0
1758264975.0176668,1.0
1758264975.0761864,1.0
1758264975.1394918,1.0
1758264975.2034578,1.0
1758264975.2667527,1.0
1758264975.3300602,1.0
1758264975.3916671,1.0
1758264975.4631734,1.0
1758264975.5211878,1.0
1758264975.5635834,1.0
1758264975.5850098,1.0
1758264975.6081765,1.0
1758264975.6313303,1.0
1758264975.6562147,1.0
1758264975.6889622,1.0
1758264975.708364,1.0
1758264975.7294712,1.0
1758264975.749536,1.0
1758264975.77012,1.0
1758264975.793277,1.0
1758264975.8156261,1.0
1758264975.8366024,1.0
1758264975.855989,1.0
1758264975.8749692,1.0
1758264975.8945045,1.0
1758264975.9129875,1.0
1758264975.9323382,1.0
1758264975.9508674,1.0
1758264975.970598,1.0
1758264975.9909892,1.0
1758264976.010804,1.0
1758264976.0310009,1.0
1758264976.0505455,1.0
1758264976.0711043,1.0
1758264976.0910869,1.0
1758264976.1116147,1.0
1758264976.1325755,1.0
1758264976.1520936,1.0
1758264976.1735582,1.0
1758264976.1964219,1.0
1758264976.216506,1.0
1758264976.2397861,1.0
1758264976.2616937,1.0
1758264976.2829757,1.0
1758264976.3053737,1.0
1758264976.3242857,1.0
1758264976.3452702,1.0
1758264976.367779,1.0
1758264976.3886683,1.0
1758264976.4121237,1.0
1758264976.43434,1.0
1758264976.4567552,1.0
1758264976.4790223,1.0
1758264976.5006018,1.0
1758264976.5210927,1.0
1758264976.5421872,1.0
1758264976.5661356,1.0
1758264976.5882258,1.0
1758264976.6118767,1.0
1758264976.6358526,1.0
1758264976.6584492,1.0
1758264976.6820374,1.0
1758264976.70519,1.0
1758264976.7275996,1.0
1758264976.7526226,1.0
1758264976.7789338,1.0
1758264976.8305461,1.0
1758264976.8528178,1.0
1758264976.87758,1.0
1758264976.90128,1.0
1758264976.9247215,1.0
1758264976.945833,1.0
1758264976.9689713,1.0
1758264976.9923487,1.0
1758264977.014401,1.0
1758264977.0369637,1.0
1758264977.0600522,1.0
1758264977.08076,1.0
1758264977.1012185,1.0
1758264977.1219172,1.0
1758264977.1470838,1.0
1758264977.167542,1.0
1758264977.1886477,1.0
1758264977.2124388,1.0
1758264977.2338078,1.0
1758264977.2569823,1.0
1758264977.2786214,1.0
1758264977.3044636,1.0
1758264977.3281927,1.0
1758264977.3822825,1.0
1758264977.447775,1.0
1758264977.5109046,1.0
1758264977.5739694,1.0
1758264977.6370406,1.0
1758264977.7015033,1.0
1758264977.7633266,1.0
1758264977.8261607,1.0
1758264977.8904939,1.0
1758264977.9552784,1.0
1758264978.0183134,1.0
1758264978.0813248,1.0
1758264978.1444986,1.0
1758264978.2094839,1.0
1758264978.266665,1.0
1758264978.3301625,1.0
1758264978.3916767,1.0
1758264978.455093,1.0
1758264978.5178652,1.0
1758264978.5808206,1.0
1758264978.6438057,1.0
1758264978.7068274,1.0
1758264978.7681792,1.0
1758264978.8282733,1.0
1758264978.8927414,1.0
1758264978.9563582,1.0
1758264979.020082,1.0
1758264979.083636,1.0
1758264979.1469865,1.0
1758264979.2102787,1.0
1758264979.2703454,1.0
1758264979.3336275,1.0
1758264979.3965952,1.0
1758264979.459871,1.0
1758264979.5251675,1.0
1758264979.5902836,1.0
1758264979.6524668,1.0
1758264979.714931,1.0
1758264979.7778163,1.0
1758264979.8066244,1.0
1758264979.8292458,1.0
1758264979.8506064,1.0
1758264979.8735826,1.0
1758264979.8931766,1.0
1758264979.914606,1.0
1758264979.934283,1.0
1758264979.956112,1.0
1758264979.9777744,1.0
1758264979.9971998,1.0
1758264980.0190556,1.0
1758264980.0386055,1.0
1758264980.0648642,1.0
1758264980.084755,1.0
1758264980.1055853,1.0
1758264980.1274974,1.0
1758264980.1483567,1.0
1758264980.1684203,1.0
1758264980.1886833,1.0
1758264980.211348,1.0
1758264980.2347546,1.0
1758264980.2553554,1.0
1758264980.2787938,1.0
1758264980.3004458,1.0
1758264980.3219025,1.0
1758264980.3426611,1.0
1758264980.3648922,1.0
1758264980.389572,1.0
1758264980.4123495,1.0
1758264980.4332986,1.0
1758264980.4555736,1.0
1758264980.475879,1.0
1758264980.4960256,1.0
1758264980.5185277,1.0
1758264980.5403922,1.0
1758264980.5632186,1.0
1758264980.587688,1.0
1758264980.6101253,1.0
1758264980.6303093,1.0
1758264980.6510043,1.0
1758264980.6707137,1.0
1758264980.6949832,1.0
1758264980.7169874,1.0
1758264980.7419465,1.0
1758264980.7633514,1.0
1758264980.7861025,1.0
1758264980.808412,1.0
1758264980.829277,1.0
1758264980.8674662,1.0
1758264980.8921418,1.0
1758264980.9124644,1.0
1758264980.9326937,1.0
1758264980.9528491,1.0
1758264980.9736557,1.0
1758264980.9927819,1.0
1758264981.013486,1.0
1758264981.037505,1.0
1758264981.0608847,1.0
1758264981.080588,1.0
1758264981.115058,1.0
1758264981.1379597,1.0
1758264981.1600838,1.0
1758264981.1831317,1.0
1758264981.2051184,1.0
1758264981.22741,1.0
1758264981.2470582,1.0
1758264981.2692904,1.0
1758264981.29021,1.0
1758264981.3119962,1.0
1758264981.3354435,1.0
1758264981.3580418,1.0
1758264981.3773007,1.0
1758264981.4051068,1.0
1758264981.4266887,1.0
1758264981.447266,1.0
1758264981.4676251,1.0
1758264981.487131,1.0
1758264981.5097158,1.0
1758264981.5294392,1.0
1758264981.5518465,1.0
1758264981.5721889,1.0
1758264981.5922098,1.0
1758264981.6125104,1.0
1758264981.6328545,1.0
1758264981.6556056,1.0
1758264981.675976,1.0
1758264981.6972167,1.0
1758264981.7195935,1.0
1758264981.7403245,1.0
1758264981.7599163,1.0
1758264981.783014,1.0
1758264981.8035548,1.0
1758264981.8239214,1.0
1758264981.84456,1.0
1758264981.8649466,1.0
1758264981.8884137,1.0
1758264981.908717,1.0
1758264981.9289846,1.0
1758264981.9516757,1.0
1758264981.972136,1.0
1758264981.992547,1.0
1758264982.013389,1.0
1758264982.0329683,1.0
1758264982.0537786,1.0
1758264982.076251,1.0
1758264982.0974312,1.0
1758264982.1204746,1.0
1758264982.140702,1.0
1758264982.1609719,1.0
1758264982.1817458,1.0
1758264982.2035406,1.0
1758264982.2232177,1.0
1758264982.2436872,1.0
1758264982.264299,1.0
1758264982.2848995,1.0
1758264982.3051295,1.0
1758264982.325941,1.0
1758264982.3476734,1.0
1758264982.3681335,1.0
1758264982.3911848,1.0
1758264982.4103236,1.0
1758264982.4322984,1.0
1758264982.4541695,1.0
1758264982.4775467,1.0
1758264982.4971075,1.0
1758264982.5171905,1.0
1758264982.5374641,1.0
1758264982.5597851,1.0
1758264982.585188,1.0
1758264982.6067083,1.0
1758264982.6296453,1.0
1758264982.651531,1.0
1758264982.6718354,1.0
1758264982.6929083,1.0
1758264982.713087,1.0
1758264982.7352467,1.0
1758264982.7546973,1.0
1758264982.7922606,1.0
1758264982.8547401,1.0
1758264982.9120896,1.0
1758264982.9755034,1.0
1758264983.0332,1.0
1758264983.0950751,1.0
1758264983.1421196,1.0
1758264983.168353,1.0
1758264983.188785,1.0
1758264983.209751,1.0
1758264983.2323284,1.0
1758264983.2512019,1.0
1758264983.2733135,1.0
1758264983.2932267,1.0
1758264983.313619,1.0
1758264983.333734,1.0
1758264983.3559647,1.0
1758264983.375166,1.0
1758264983.3977263,1.0
1758264983.4193063,1.0
1758264983.4400249,1.0
1758264983.460414,1.0
1758264983.4814732,1.0
1758264983.5034218,1.0
1758264983.5229511,1.0
1758264983.5445342,1.0
1758264983.5659585,1.0
1758264983.5862405,1.0
1758264983.6078415,1.0
1758264983.6308115,1.0
1758264983.653136,1.0
1758264983.676557,1.0
1758264983.6990433,1.0
1758264983.7252264,1.0
1758264983.7475057,1.0
1758264983.7669768,1.0
1758264983.7885315,1.0
1758264983.8119464,1.0
1758264983.8315816,1.0
1758264983.8531046,1.0
1758264983.8748562,1.0
1758264983.8973494,1.0
1758264983.9207213,1.0
1758264983.9410908,1.0
1758264983.964698,1.0
1758264983.985295,1.0
1758264984.0052848,1.0
1758264984.0335941,1.0
1758264984.0558927,1.0
1758264984.0781386,1.0
1758264984.0981634,1.0
1758264984.1200037,1.0
1758264984.1415029,1.0
1758264984.1653407,1.0
1758264984.1862283,1.0
1758264984.2081718,1.0
1758264984.2377467,1.0
1758264984.268195,1.0
1758264984.2897666,1.0
1758264984.3127134,1.0
1758264984.3320093,1.0
1758264984.3535323,1.0
1758264984.3766625,1.0
1758264984.3995142,1.0
1758264984.420019,1.0
1758264984.444879,1.0
1758264984.4678462,1.0
1758264984.490206,1.0
1758264984.517883,1.0
1758264984.5453205,1.0
1758264984.570192,1.0
1758264984.594495,1.0
1758264984.6147752,1.0
1758264984.635051,1.0
1758264984.6560075,1.0
1758264984.6767955,1.0
1758264984.695756,1.0
1758264984.7162797,1.0
1758264984.73663,1.0
1758264984.7565186,1.0
1758264984.7766538,1.0
1758264984.7964687,1.0
1758264984.8195467,1.0
1758264984.841754,1.0
1758264984.8656669,1.0
1758264984.8851318,1.0
1758264984.9060106,1.0
1758264984.9292276,1.0
1758264984.949391,1.0
1758264984.969377,1.0
1758264984.989008,1.0
1758264985.0091121,1.0
1758264985.0321467,1.0
1758264985.055113,1.0
1758264985.077507,1.0
1758264985.101113,1.0
1758264985.1244404,1.0
1758264985.1472511,1.0
1758264985.167297,1.0
1758264985.196228,1.0
1758264985.2175565,1.0
1758264985.2386146,1.0
1758264985.2590947,1.0
1758264985.2807732,1.0
1758264985.300807,1.0
1758264985.3275025,1.0
1758264985.3508763,1.0
1758264985.376524,1.0
1758264985.3994837,1.0
1758264985.4244435,1.0
1758264985.4496784,1.0
1758264985.472621,1.0
1758264985.4927518,1.0
1758264985.517521,1.0
1758264985.5415862,1.0
1758264985.5651996,1.0
1758264985.5878422,1.0
1758264985.611473,1.0
1758264985.6348438,1.0
1758264985.6581237,1.0
1758264985.6812022,1.0
1758264985.7109392,1.0
1758264985.776609,1.0
1758264985.8396554,1.0
1758264985.8982491,1.0
1758264985.961867,1.0
1758264986.0252304,1.0
1758264986.0884364,1.0
1758264986.15138,1.0
1758264986.214468,1.0
1758264986.2439756,1.0
1758264986.263486,1.0
1758264986.2856607,1.0
1758264986.3060055,1.0
1758264986.3277664,1.0
1758264986.348547,1.0
1758264986.3736093,1.0
1758264986.3970556,1.0
1758264986.4167612,1.0
1758264986.4637282,1.0
1758264986.4868538,1.0
1758264986.5095224,1.0
1758264986.5310433,1.0
1758264986.5530343,1.0
1758264986.574506,1.0
1758264986.5956254,1.0
1758264986.616114,1.0
1758264986.635635,1.0
1758264986.6560771,1.0
1758264986.676822,1.0
1758264986.700323,1.0
1758264986.7205791,1.0
1758264986.741584,1.0
1758264986.7648535,1.0
1758264986.7838748,1.0
1758264986.8077545,1.0
1758264986.829253,1.0
1758264986.850478,1.0
1758264986.8718882,1.0
1758264986.8911026,1.0
1758264986.9216487,1.0
1758264986.942489,1.0
1758264986.9622815,1.0
1758264986.9824233,1.0
1758264987.003624,1.0
1758264987.022919,1.0
1758264987.0434253,1.0
1758264987.0630486,1.0
1758264987.0823972,1.0
1758264987.1018393,1.0
1758264987.1223342,1.0
1758264987.144292,1.0
1758264987.1649637,1.0
1758264987.183928,1.0
1758264987.2042816,1.0
1758264987.2281237,1.0
1758264987.2489614,1.0
1758264987.268436,1.0
1758264987.2888036,1.0
1758264987.3106973,1.0
1758264987.3304634,1.0
1758264987.3503103,1.0
1758264987.370569,1.0
1758264987.3914778,1.0
1758264987.4106016,1.0
1758264987.4305723,1.0
1758264987.4502833,1.0
1758264987.470718,1.0
1758264987.491032,1.0
1758264987.5107126,1.0
1758264987.5313241,1.0
1758264987.5514314,1.0
1758264987.5716608,1.0
1758264987.5922327,1.0
1758264987.6128914,1.0
1758264987.6331484,1.0
1758264987.6561992,1.0
1758264987.676373,1.0
1758264987.6988826,1.0
1758264987.7192976,1.0
1758264987.7400982,1.0
1758264987.7605667,1.0
1758264987.7811112,1.0
1758264987.8017461,1.0
1758264987.8223202,1.0
1758264987.84378,1.0
1758264987.8653333,1.0
1758264987.8850951,1.0
1758264987.9050987,1.0
1758264987.9250126,1.0
1758264987.9455595,1.0
1758264987.967599,1.0
1758264987.987954,1.0
1758264988.011645,1.0
1758264988.03192,1.0
1758264988.0544345,1.0
1758264988.0776544,1.0
1758264988.1220748,1.0
1758264988.1797397,1.0
1758264988.2028108,1.0
1758264988.2263663,1.0
1758264988.247369,1.0
1758264988.26927,1.0
1758264988.2883391,1.0
1758264988.3096204,1.0
1758264988.3308477,1.0
1758264988.3521795,1.0
1758264988.3753617,1.0
1758264988.3990364,1.0
1758264988.4228263,1.0
1758264988.4443476,1.0
1758264988.4673007,1.0
1758264988.4911466,1.0
1758264988.5121748,1.0
1758264988.5336187,1.0
1758264988.5584612,1.0
1758264988.5779963,1.0
1758264988.5997264,1.0
1758264988.6189287,1.0
1758264988.6419098,1.0
1758264988.6642478,1.0
1758264988.6852036,1.0
1758264988.706896,1.0
1758264988.730164,1.0
1758264988.7500246,1.0
1758264988.7720118,1.0
1758264988.7927248,1.0
1758264988.8129785,1.0
1758264988.8326569,1.0
1758264988.853184,1.0
1758264988.8773527,1.0
1758264988.8973222,1.0
1758264988.9209986,1.0
1758264988.9424818,1.0
1758264988.9634402,1.0
1758264988.9845414,1.0
1758264989.0069544,1.0
1758264989.0317395,1.0
1758264989.050879,1.0
1758264989.0730247,1.0
1758264989.0973222,1.0
1758264989.1173284,1.0
1758264989.1383893,1.0
1758264989.160731,1.0
1758264989.1818192,1.0
1758264989.2098904,1.0
1758264989.2543385,1.0
1758264989.2765212,1.0
1758264989.3010125,1.0
1758264989.3215506,1.0
1758264989.34531,1.0
1758264989.366724,1.0
1758264989.3907049,1.0
1758264989.412935,1.0
1758264989.4347355,1.0
1758264989.4601996,1.0
1758264989.480366,1.0
1758264989.5006251,1.0
1758264989.5227442,1.0
1758264989.5434558,1.0
1758264989.563666,1.0
1758264989.584016,1.0
1758264989.6088545,1.0
1758264989.6288037,1.0
1758264989.6509438,1.0
1758264989.6741445,1.0
1758264989.6961207,1.0
1758264989.7168028,1.0
1758264989.7370844,1.0
1758264989.763154,1.0
1758264989.7866094,1.0
1758264989.8105981,1.0
1758264989.8320842,1.0
1758264989.8571446,1.0
1758264989.8818498,1.0
1758264989.9043803,1.0
1758264989.9271834,1.0
1758264989.9485865,1.0
1758264989.9717612,1.0
1758264989.9958138,1.0
1758264990.0169554,1.0
1758264990.0394495,1.0
1758264990.0643492,1.0
1758264990.086933,1.0
1758264990.108146,1.0
1758264990.1291683,1.0
1758264990.1526594,1.0
1758264990.176175,1.0
1758264990.1972532,1.0
1758264990.2197142,1.0
1758264990.2426295,1.0
1758264990.2635972,1.0
1758264990.2870142,1.0
1758264990.3085787,1.0
1758264990.332384,1.0
1758264990.3554552,1.0
1758264990.3770154,1.0
1758264990.3986611,1.0
1758264990.420775,1.0
1758264990.4422212,1.0
1758264990.463787,1.0
1758264990.4846947,1.0
1758264990.5083294,1.0
1758264990.530601,1.0
1758264990.5524807,1.0
1758264990.5764444,1.0
1758264990.5996037,1.0
1758264990.6240242,1.0
1758264990.648498,1.0
1758264990.6717064,1.0
1758264990.6949701,1.0
1758264990.719172,1.0
1758264990.7428875,1.0
1758264990.765742,1.0
1758264990.7888803,1.0
1758264990.8097982,1.0
1758264990.8326502,1.0
1758264990.856019,1.0
1758264990.8777065,1.0
1758264990.9019027,1.0
1758264990.9268763,1.0
1758264990.9491186,1.0
1758264990.9712713,1.0
1758264990.9913168,1.0
1758264991.017545,1.0
1758264991.040067,1.0
1758264991.0633662,1.0
1758264991.0880444,1.0
1758264991.110612,1.0
1758264991.1324816,1.0
1758264991.1550195,1.0
1758264991.175119,1.0
1758264991.2002087,1.0
1758264991.2235532,1.0
1758264991.2454019,1.0
1758264991.2677596,1.0
1758264991.290714,1.0
1758264991.3124888,1.0
1758264991.3366768,1.0
1758264991.3600032,1.0
1758264991.3830562,1.0
1758264991.4059358,1.0
1758264991.429629,1.0
1758264991.4513066,1.0
1758264991.4718146,1.0
1758264991.4925132,1.0
1758264991.5154624,1.0
1758264991.5384254,1.0
1758264991.5590467,1.0
1758264991.580454,1.0
1758264991.6019378,1.0
1758264991.622296,1.0
1758264991.6471758,1.0
1758264991.669349,1.0
1758264991.6905358,1.0
1758264991.7127202,1.0
1758264991.7352812,1.0
1758264991.7568357,1.0
1758264991.7800019,1.0
1758264991.8017585,1.0
1758264991.8259993,1.0
1758264991.8483202,1.0
1758264991.8721173,1.0
1758264991.8942018,1.0
1758264991.9169042,1.0
1758264991.938987,1.0
1758264991.9616892,1.0
1758264991.9856076,1.0
1758264992.0098968,1.0
1758264992.0315442,1.0
1758264992.0551429,1.0
1758264992.0784261,1.0
1758264992.101373,1.0
1758264992.1239643,1.0
1758264992.1472282,1.0
1758264992.169625,1.0
1758264992.1922884,1.0
1758264992.2162142,1.0
1758264992.2377691,1.0
1758264992.26027,1.0
1758264992.282875,1.0
1758264992.3077383,1.0
1758264992.3315377,1.0
1758264992.358895,1.0
1758264992.3819144,1.0
1758264992.4035726,1.0
1758264992.426259,1.0
1758264992.4491448,1.0
1758264992.4708867,1.0
1758264992.495318,1.0
1758264992.519832,1.0
1758264992.5407786,1.0
1758264992.5634418,1.0
1758264992.5858204,1.0
1758264992.6111708,1.0
1758264992.6346238,1.0
1758264992.656926,1.0
1758264992.680062,1.0
1758264992.706122,1.0
1758264992.7299664,1.0
1758264992.7529118,1.0
1758264992.7756104,1.0
1758264992.8039925,1.0
1758264992.8288648,1.0
1758264992.8564174,1.0
1758264992.879197,1.0
1758264992.9013026,1.0
1758264992.9230049,1.0
1758264992.9436796,1.0
1758264992.9696162,1.0
1758264992.9932666,1.0
1758264993.0184317,1.0
1758264993.0387611,1.0
1758264993.0641115,1.0
1758264993.0861232,1.0
1758264993.1064909,1.0
1758264993.1293092,1.0
1758264993.1492925,1.0
1758264993.1730921,1.0
1758264993.1959121,1.0
1758264993.217097,1.0
1758264993.2414162,1.0
1758264993.2639942,1.0
1758264993.2854874,1.0
1758264993.33131,1.0
1758264993.3606079,1.0
1758264993.3839524,1.0
1758264993.4054658,1.0
1758264993.4255323,1.0
1758264993.4490592,1.0
1758264993.469365,1.0
1758264993.4939904,1.0
1758264993.5163705,1.0
1758264993.5370247,1.0
1758264993.5577567,1.0
1758264993.579103,1.0
1758264993.6010733,1.0
1758264993.6211956,1.0
1758264993.659065,1.0
1758264993.6797886,1.0
1758264993.703451,1.0
1758264993.7231297,1.0
1758264993.745941,1.0
1758264993.7691796,1.0
1758264993.791176,1.0
1758264993.8136005,1.0
1758264993.8376014,1.0
1758264993.8583014,1.0
1758264993.879443,1.0
1758264993.9024694,1.0
1758264993.9301054,1.0
1758264993.9535117,1.0
1758264993.9751563,1.0
1758264993.9952035,1.0
1758264994.0204117,1.0
1758264994.0421944,1.0
1758264994.0641122,1.0
1758264994.0833101,1.0
1758264994.107089,1.0
1758264994.1347666,1.0
1758264994.157668,1.0
1758264994.1807172,1.0
1758264994.2084446,1.0
1758264994.2290704,1.0
1758264994.2501824,1.0
1758264994.273894,1.0
1758264994.2946393,1.0
1758264994.3193161,1.0
1758264994.3406806,1.0
1758264994.360976,1.0
1758264994.3835878,1.0
1758264994.4182212,1.0
1758264994.4409692,1.0
1758264994.4619865,1.0
1758264994.4948318,1.0
1758264994.5369282,1.0
1758264994.562602,1.0
1758264994.5850174,1.0
1758264994.6093764,1.0
1758264994.6315212,1.0
1758264994.650741,1.0
1758264994.673541,1.0
1758264994.6995564,1.0
1758264994.7215064,1.0
1758264994.7428117,1.0
1758264994.7646637,1.0
1758264994.7872064,1.0
1758264994.8088562,1.0
1758264994.8294845,1.0
1758264994.853707,1.0
1758264994.875204,1.0
1758264994.8970137,1.0
1758264994.9194515,1.0
1758264994.9438443,1.0
1758264994.9667115,1.0
1758264994.9869123,1.0
1758264995.0106518,1.0
1758264995.0332153,1.0
1758264995.0553358,1.0
1758264995.0773115,1.0
1758264995.1009583,1.0
1758264995.1241324,1.0
1758264995.147504,1.0
1758264995.171228,1.0
1758264995.1956995,1.0
1758264995.2187934,1.0
1758264995.2399843,1.0
1758264995.2617218,1.0
1758264995.2859797,1.0
1758264995.3100388,1.0
1758264995.3339515,1.0
1758264995.3541033,1.0
1758264995.376039,1.0
1758264995.3990216,1.0
1758264995.422029,1.0
1758264995.4457338,1.0
1758264995.4693584,1.0
1758264995.4913037,1.0
1758264995.5167286,1.0
1758264995.5416963,1.0
1758264995.568375,1.0
1758264995.590247,1.0
1758264995.6128168,1.0
1758264995.641683,1.0
1758264995.6630561,1.0
1758264995.6845658,1.0
1758264995.7061484,1.0
1758264995.7269547,1.0
1758264995.7470577,1.0
1758264995.7686431,1.0
1758264995.788404,1.0
1758264995.8128743,1.0
1758264995.8354337,1.0
1758264995.8573556,1.0
1758264995.8812535,1.0
1758264995.9053347,1.0
1758264995.9289117,1.0
1758264995.950382,1.0
1758264995.9729362,1.0
1758264995.9951134,1.0
1758264996.0192754,1.0
1758264996.0434685,1.0
1758264996.0672379,1.0
1758264996.0902495,1.0
1758264996.113801,1.0
1758264996.137355,1.0
1758264996.160441,1.0
1758264996.1808417,1.0
1758264996.203826,1.0
1758264996.2256937,1.0
1758264996.2484646,1.0
1758264996.271467,1.0
1758264996.2930546,1.0
1758264996.3176703,1.0
1758264996.338356,1.0
1758264996.3612773,1.0
1758264996.384868,1.0
1758264996.406358,1.0
1758264996.4295738,1.0
1758264996.4514682,1.0
1758264996.4749331,1.0
1758264996.4950795,1.0
1758264996.5149283,1.0
1758264996.5401328,1.0
1758264996.5631492,1.0
1758264996.589788,1.0
1758264996.6100867,1.0
1758264996.632203,1.0
1758264996.658062,1.0
1758264996.6811929,1.0
1758264996.709402,1.0
1758264996.7333393,1.0
1758264996.7543066,1.0
1758264996.7788005,1.0
1758264996.802244,1.0
1758264996.826918,1.0
1758264996.8497925,1.0
1758264996.8733335,1.0
1758264996.8968167,1.0
1758264996.9218528,1.0
1758264996.9464831,1.0
1758264996.9662066,1.0
1758264996.9915016,1.0
1758264997.0136023,1.0
1758264997.0365458,1.0
1758264997.0575352,1.0
1758264997.0815666,1.0
1758264997.1042378,1.0
1758264997.1270354,1.0
1758264997.1489685,1.0
1758264997.1720166,1.0
1758264997.1954072,1.0
1758264997.21723,1.0
1758264997.2378805,1.0
1758264997.2637064,1.0
1758264997.2866724,1.0
1758264997.3085692,1.0
1758264997.3291261,1.0
1758264997.3524883,1.0
1758264997.3781164,1.0
1758264997.4023314,1.0
1758264997.4233358,1.0
1758264997.4476845,1.0
1758264997.470279,1.0
1758264997.4956002,1.0
1758264997.5185554,1.0
1758264997.5401847,1.0
1758264997.5631592,1.0
1758264997.5969713,1.0
1758264997.6213982,1.0
1758264997.6450932,1.0
1758264997.6669815,1.0
1758264997.6911666,1.0
1758264997.7137678,1.0
1758264997.737701,1.0
1758264997.7614846,1.0
1758264997.786545,1.0
1758264997.80854,1.0
1758264997.835645,1.0
1758264997.861045,1.0
1758264997.8837278,1.0
1758264997.905118,1.0
1758264997.943911,1.0
1758264997.9689262,1.0
1758264997.992462,1.0
1758264998.0169263,1.0
1758264998.0414853,1.0
1758264998.0656598,1.0
1758264998.0876698,1.0
1758264998.1098104,1.0
1758264998.1313338,1.0
1758264998.1531863,1.0
1758264998.1731179,1.0
1758264998.1964319,1.0
1758264998.2180579,1.0
1758264998.2435753,1.0
1758264998.2689915,1.0
1758264998.2922955,1.0
1758264998.314527,1.0
1758264998.3378108,1.0
1758264998.3609772,1.0
1758264998.3844528,1.0
1758264998.408165,1.0
1758264998.4324815,1.0
1758264998.4580007,1.0
1758264998.4808824,1.0
1758264998.5037346,1.0
1758264998.5374708,1.0
1758264998.5665512,1.0
1758264998.5900333,1.0
1758264998.6127048,1.0
1758264998.6355233,1.0
1758264998.6585371,1.0
1758264998.6827495,1.0
1758264998.7059574,1.0
1758264998.72862,1.0
1758264998.7504196,1.0
1758264998.7721627,1.0
1758264998.792758,1.0
1758264998.816763,1.0
1758264998.8364098,1.0
1758264998.8599937,1.0
1758264998.8815439,1.0
1758264998.9042563,1.0
1758264998.9284806,1.0
1758264998.9506903,1.0
1758264998.9737437,1.0
1758264998.9975724,1.0
1758264999.0202844,1.0
1758264999.0407014,1.0
1758264999.0618727,1.0
1758264999.08463,1.0
1758264999.105385,1.0
1758264999.1286006,1.0
1758264999.1521652,1.0
1758264999.1722236,1.0
1758264999.1963005,1.0
1758264999.2197435,1.0
1758264999.2450821,1.0
1758264999.2689095,1.0
1758264999.2891426,1.0
1758264999.313823,1.0
1758264999.337415,1.0
1758264999.3585055,1.0
1758264999.382446,1.0
1758264999.4045694,1.0
1758264999.4273152,1.0
1758264999.4493687,1.0
1758264999.4721987,1.0
1758264999.4942832,1.0
1758264999.5178103,1.0
1758264999.5409904,1.0
1758264999.5647738,1.0
1758264999.5857794,1.0
1758264999.612423,1.0
1758264999.634513,1.0
1758264999.656469,1.0
1758264999.6783576,1.0
1758264999.7020059,1.0
1758264999.7245057,1.0
1758264999.749114,1.0
1758264999.776379,1.0
1758264999.8020866,1.0
1758264999.824154,1.0
1758264999.8488173,1.0
1758264999.870087,1.0
1758264999.8925438,1.0
1758264999.9159591,1.0
1758264999.9409392,1.0
1758264999.9641447,1.0
1758264999.9858696,1.0
1758265000.012002,1.0
1758265000.0356221,1.0
1758265000.0612319,1.0
1758265000.0854445,1.0
1758265000.1058915,1.0
1758265000.1293411,1.0
1758265000.1550727,1.0
1758265000.176959,1.0
1758265000.1992037,1.0
1758265000.2248468,1.0
1758265000.2452414,1.0
1758265000.269734,1.0
1758265000.2905684,1.0
1758265000.3124766,1.0
1758265000.336089,1.0
1758265000.3595371,1.0
1758265000.3838835,1.0
1758265000.4097424,1.0
1758265000.4339867,1.0
1758265000.4568875,1.0
1758265000.4806092,1.0
1758265000.5031402,1.0
1758265000.5262768,1.0
1758265000.5495415,1.0
1758265000.5725565,1.0
1758265000.593929,1.0
1758265000.614556,1.0
1758265000.6375563,1.0
1758265000.662774,1.0
1758265000.6888533,1.0
1758265000.7114997,1.0
1758265000.7340755,1.0
1758265000.7578714,1.0
1758265000.7811408,1.0
1758265000.804065,1.0
1758265000.8255255,1.0
1758265000.848134,1.0
1758265000.8701065,1.0
1758265000.8924098,1.0
1758265000.9160373,1.0
1758265000.939517,1.0
1758265000.964798,1.0
1758265000.9876506,1.0
1758265001.009219,1.0
1758265001.033607,1.0
1758265001.056611,1.0
1758265001.0782785,1.0
1758265001.101203,1.0
1758265001.124072,1.0
1758265001.147352,1.0
1758265001.1688871,1.0
1758265001.1935318,1.0
1758265001.216465,1.0
1758265001.2432685,1.0
1758265001.2645302,1.0
1758265001.2861085,1.0
1758265001.3109865,1.0
1758265001.3349674,1.0
1758265001.3609948,1.0
1758265001.3871012,1.0
1758265001.4121003,1.0
1758265001.4319108,1.0
1758265001.4571204,1.0
1758265001.4813604,1.0
1758265001.503126,1.0
1758265001.5257862,1.0
1758265001.5479965,1.0
1758265001.5718613,1.0
1758265001.5971768,1.0
1758265001.6208413,1.0
1758265001.6437237,1.0
1758265001.665323,1.0
1758265001.6991985,1.0
1758265001.7228117,1.0
1758265001.745068,1.0
1758265001.766183,1.0
1758265001.7891026,1.0
1758265001.81114,1.0
1758265001.830767,1.0
1758265001.855269,1.0
1758265001.8801012,1.0
1758265001.904424,1.0
1758265001.9293473,1.0
1758265001.9532301,1.0
1758265001.97801,1.0
1758265002.0020294,1.0
1758265002.0292687,1.0
1758265002.052008,1.0
1758265002.080596,1.0
1758265002.104182,1.0
1758265002.126406,1.0
1758265002.1534917,1.0
1758265002.1789258,1.0
1758265002.2059484,1.0
1758265002.2303224,1.0
1758265002.2553084,1.0
1758265002.2795434,1.0
1758265002.3027403,1.0
1758265002.3271146,1.0
1758265002.3487458,1.0
1758265002.369646,1.0
1758265002.3940222,1.0
1758265002.4188166,1.0
1758265002.442212,1.0
1758265002.464993,1.0
1758265002.4915261,1.0
1758265002.5157402,1.0
1758265002.5399451,1.0
1758265002.563537,1.0
1758265002.584932,1.0
1758265002.6092846,1.0
1758265002.6323354,1.0
1758265002.6544333,1.0
1758265002.6788714,1.0
1758265002.7036052,1.0
1758265002.7283728,1.0
1758265002.7524247,1.0
1758265002.7757196,1.0
1758265002.7993221,1.0
1758265002.824075,1.0
1758265002.8472948,1.0
1758265002.8694925,1.0
1758265002.8943205,1.0
1758265002.9173846,1.0
1758265002.9455757,1.0
1758265002.9682202,1.0
1758265002.9914079,1.0
1758265003.0176663,1.0
1758265003.0417967,1.0
1758265003.0656796,1.0
1758265003.0865586,1.0
1758265003.1087255,1.0
1758265003.130395,1.0
1758265003.1537232,1.0
1758265003.2015104,1.0
1758265003.2611408,1.0
1758265003.2856312,1.0
1758265003.3101413,1.0
1758265003.3341227,1.0
1758265003.3562195,1.0
1758265003.3782556,1.0
1758265003.3999214,1.0
1758265003.4202778,1.0
1758265003.4433975,1.0
1758265003.4658506,1.0
1758265003.4877455,1.0
1758265003.5077715,1.0
1758265003.5288131,1.0
1758265003.5516973,1.0
1758265003.5726852,1.0
1758265003.5922306,1.0
1758265003.6126635,1.0
1758265003.633144,1.0
1758265003.6544735,1.0
1758265003.6744266,1.0
1758265003.698348,1.0
1758265003.7191494,1.0
1758265003.7405283,1.0
1758265003.761399,1.0
1758265003.7817442,1.0
1758265003.8059568,1.0
1758265003.8270102,1.0
1758265003.8470874,1.0
1758265003.8685627,1.0
1758265003.8887007,1.0
1758265003.9091015,1.0
1758265003.9291606,1.0
1758265003.9501264,1.0
1758265003.9705443,1.0
1758265003.991955,1.0
1758265004.0275977,1.0
1758265004.0968246,1.0
1758265004.1530302,1.0
1758265004.2160316,1.0
1758265004.278965,1.0
1758265004.3416696,1.0
1758265004.398564,1.0
1758265004.4176278,1.0
1758265004.4369593,1.0
1758265004.4561875,1.0
1758265004.4755924,1.0
1758265004.4948692,1.0
1758265004.5140538,1.0
1758265004.5333264,1.0
1758265004.5527742,1.0
1758265004.5719047,1.0
1758265004.5912945,1.0
1758265004.6106517,1.0
1758265004.6303747,1.0
1758265004.649535,1.0
1758265004.6690888,1.0
1758265004.6915364,1.0
1758265004.7104292,1.0
1758265004.729521,1.0
1758265004.7497003,1.0
1758265004.7691143,1.0
1758265004.7886336,1.0
1758265004.8080575,1.0
1758265004.829098,1.0
1758265004.8485951,1.0
1758265004.8679638,1.0
1758265004.887345,1.0
1758265004.906639,1.0
1758265004.9259694,1.0
1758265004.9451935,1.0
1758265004.9647007,1.0
1758265004.9844897,1.0
1758265005.0040622,1.0
1758265005.02532,1.0
1758265005.0488098,1.0
1758265005.0683622,1.0
1758265005.0880425,1.0
1758265005.1074178,1.0
1758265005.1268783,1.0
1758265005.1464348,1.0
1758265005.1661158,1.0
1758265005.1858826,1.0
1758265005.206446,1.0
1758265005.2258687,1.0
1758265005.2459724,1.0
1758265005.2654421,1.0
1758265005.2851064,1.0
1758265005.305335,1.0
1758265005.325192,1.0
1758265005.3449867,1.0
1758265005.3649151,1.0
1758265005.385654,1.0
1758265005.4060671,1.0
1758265005.4272304,1.0
1758265005.4469552,1.0
1758265005.4692478,1.0
1758265005.489035,1.0
1758265005.5085063,1.0
1758265005.528057,1.0
1758265005.5484486,1.0
1758265005.569616,1.0
1758265005.5894992,1.0
1758265005.609538,1.0
1758265005.6298325,1.0
1758265005.6518931,1.0
1758265005.672217,1.0
1758265005.697379,1.0
1758265005.7177413,1.0
1758265005.7417312,1.0
1758265005.7640736,1.0
1758265005.7842531,1.0
1758265005.8064198,1.0
1758265005.8301525,1.0
1758265005.852096,1.0
1758265005.8723063,1.0
1758265005.8931549,1.0
1758265005.9158695,1.0
1758265005.9352908,1.0
1758265005.9546058,1.0
1758265005.9743826,1.0
1758265005.9934871,1.0
1758265006.0144544,1.0
1758265006.0351083,1.0
1758265006.0556178,1.0
1758265006.0769851,1.0
1758265006.097582,1.0
1758265006.1181507,1.0
1758265006.1384902,1.0
1758265006.161172,1.0
1758265006.1823726,1.0
1758265006.2039628,1.0
1758265006.2240834,1.0
1758265006.245508,1.0
1758265006.267913,1.0
1758265006.2879987,1.0
1758265006.3073273,1.0
1758265006.3279912,1.0
1758265006.3530667,1.0
1758265006.3730264,1.0
1758265006.3933907,1.0
1758265006.4146366,1.0
1758265006.4364262,1.0
1758265006.4572513,1.0
1758265006.4788978,1.0
1758265006.4989636,1.0
1758265006.5233383,1.0
1758265006.5433834,1.0
1758265006.562536,1.0
1758265006.5819504,1.0
1758265006.60124,1.0
1758265006.6206753,1.0
1758265006.6419027,1.0
1758265006.6644762,1.0
1758265006.6860025,1.0
1758265006.706222,1.0
1758265006.7254364,1.0
1758265006.7488182,1.0
1758265006.767923,1.0
1758265006.787571,1.0
1758265006.8071382,1.0
1758265006.8263528,1.0
1758265006.8461337,1.0
1758265006.8665023,1.0
1758265006.8865216,1.0
1758265006.9063141,1.0
1758265006.9255998,1.0
1758265006.9451938,1.0
1758265006.964353,1.0
1758265006.9848163,1.0
1758265007.004191,1.0
1758265007.02377,1.0
1758265007.0518444,1.0
1758265007.072823,1.0
1758265007.0955546,1.0
1758265007.11551,1.0
1758265007.1348403,1.0
1758265007.1567278,1.0
1758265007.1807706,1.0
1758265007.202227,1.0
1758265007.2230573,1.0
1758265007.2445402,1.0
1758265007.2640471,1.0
1758265007.2842753,1.0
1758265007.3035061,1.0
1758265007.3233879,1.0
1758265007.343225,1.0
1758265007.3639164,1.0
1758265007.3863926,1.0
1758265007.4079316,1.0
1758265007.427787,1.0
1758265007.4479032,1.0
1758265007.46975,1.0
1758265007.4903796,1.0
1758265007.5119226,1.0
1758265007.5320032,1.0
1758265007.5520391,1.0
1758265007.5735438,1.0
1758265007.5946157,1.0
1758265007.6150067,1.0
1758265007.6358876,1.0
1758265007.6569746,1.0
1758265007.6793752,1.0
1758265007.7011185,1.0
1758265007.7211068,1.0
1758265007.7413094,1.0
1758265007.7620585,1.0
1758265007.7824838,1.0
1758265007.8036256,1.0
1758265007.8260896,1.0
1758265007.8498569,1.0
1758265007.8709702,1.0
1758265007.892364,1.0
1758265007.9137459,1.0
1758265007.9346416,1.0
1758265007.9556718,1.0
1758265007.9766057,1.0
1758265007.999027,1.0
1758265008.0187,1.0
1758265008.0381274,1.0
1758265008.0615733,1.0
1758265008.0844123,1.0
1758265008.1073701,1.0
1758265008.1277637,1.0
1758265008.1476035,1.0
1758265008.166765,1.0
1758265008.1886938,1.0
1758265008.208734,1.0
1758265008.2293956,1.0
1758265008.2499626,1.0
1758265008.27077,1.0
1758265008.291332,1.0
1758265008.3126643,1.0
1758265008.3327506,1.0
1758265008.3527927,1.0
1758265008.3728402,1.0
1758265008.3931499,1.0
1758265008.4136336,1.0
1758265008.434149,1.0
1758265008.4559731,1.0
1758265008.4770682,1.0
1758265008.496321,1.0
1758265008.5157433,1.0
1758265008.5365949,1.0
1758265008.5578613,1.0
1758265008.5831819,1.0
1758265008.604545,1.0
1758265008.6232905,1.0
1758265008.6459098,1.0
1758265008.6687124,1.0
1758265008.6902158,1.0
1758265008.7193375,1.0
1758265008.7676961,1.0
1758265008.7922287,1.0
1758265008.8159006,1.0
1758265008.838872,1.0
1758265008.8585482,1.0
1758265008.881062,1.0
1758265008.9047742,1.0
1758265008.9252586,1.0
1758265008.983191,1.0
1758265009.051257,1.0
1758265009.1085854,1.0
1758265009.167514,1.0
1758265009.23049,1.0
1758265009.2931838,1.0
1758265009.3559473,1.0
1758265009.4181147,1.0
1758265009.481323,1.0
1758265009.5405893,1.0
1758265009.6004949,1.0
1758265009.6427479,1.0
1758265009.6649964,1.0
1758265009.6853595,1.0
1758265009.7064154,1.0
1758265009.7299109,1.0
1758265009.7500458,1.0
1758265009.7720432,1.0
1758265009.796629,1.0
1758265009.816945,1.0
1758265009.8377807,1.0
1758265009.8612442,1.0
1758265009.8810213,1.0
1758265009.9027858,1.0
1758265009.9231882,1.0
1758265009.9447322,1.0
1758265009.9647968,1.0
1758265010.0053031,1.0
1758265010.0685544,1.0
1758265010.0974777,1.0
1758265010.161524,1.0
1758265010.2250798,1.0
1758265010.2888694,1.0
1758265010.3521528,1.0
1758265010.3765128,1.0
1758265010.399216,1.0
1758265010.419582,1.0
1758265010.4400778,1.0
1758265010.4602413,1.0
1758265010.479888,1.0
1758265010.4996839,1.0
1758265010.5187817,1.0
1758265010.5390503,1.0
1758265010.558791,1.0
1758265010.5784,1.0
1758265010.5985882,1.0
1758265010.620935,1.0
1758265010.6410007,1.0
1758265010.6608624,1.0
1758265010.680629,1.0
1758265010.701027,1.0
1758265010.7211962,1.0
1758265010.7408354,1.0
1758265010.7599664,1.0
1758265010.779047,1.0
1758265010.799205,1.0
1758265010.8202834,1.0
1758265010.840344,1.0
1758265010.875471,1.0
1758265010.9245307,1.0
1758265010.9873207,1.0
1758265011.0498235,1.0
1758265011.1099162,1.0
1758265011.1346,1.0
1758265011.15529,1.0
1758265011.17619,1.0
1758265011.1957233,1.0
1758265011.2174156,1.0
1758265011.2371128,1.0
1758265011.2569096,1.0
1758265011.277164,1.0
1758265011.2972326,1.0
1758265011.3170767,1.0
1758265011.33697,1.0
1758265011.357901,1.0
1758265011.40293,1.0
1758265011.4227765,1.0
1758265011.442531,1.0
1758265011.462433,1.0
1758265011.482708,1.0
1758265011.5021303,1.0
1758265011.5221999,1.0
1758265011.5421317,1.0
1758265011.562076,1.0
1758265011.5820367,1.0
1758265011.602841,1.0
1758265011.642027,1.0
1758265011.6621256,1.0
1758265011.6847332,1.0
1758265011.706251,1.0
1758265011.7258267,1.0
1758265011.7456543,1.0
1758265011.767413,1.0
1758265011.7873695,1.0
1758265011.806811,1.0
1758265011.8272126,1.0
1758265011.8469143,1.0
1758265011.8673549,1.0
1758265011.8873804,1.0
1758265011.9066389,1.0
1758265011.92643,1.0
1758265011.9465716,1.0
1758265011.9662971,1.0
1758265011.9867284,1.0
1758265012.0060196,1.0
1758265012.0265684,1.0
1758265012.0464914,1.0
1758265012.0657785,1.0
1758265012.0861082,1.0
1758265012.1062539,1.0
1758265012.1274853,1.0
1758265012.147559,1.0
1758265012.1687365,1.0
1758265012.1883397,1.0
1758265012.2096736,1.0
1758265012.2324035,1.0
1758265012.2523847,1.0
1758265012.2715242,1.0
1758265012.2921636,1.0
1758265012.3132765,1.0
1758265012.3351355,1.0
1758265012.3563392,1.0
1758265012.376586,1.0
1758265012.3986945,1.0
1758265012.4185395,1.0
1758265012.43976,1.0
1758265012.4597013,1.0
1758265012.4798987,1.0
1758265012.499781,1.0
1758265012.520374,1.0
1758265012.5402067,1.0
1758265012.5602596,1.0
1758265012.5827982,1.0
1758265012.620084,1.0
1758265012.6471343,1.0
1758265012.6677794,1.0
1758265012.6996915,1.0
1758265012.7329159,1.0
1758265012.7532861,1.0
1758265012.774745,1.0
1758265012.7951849,1.0
1758265012.8160183,1.0
1758265012.8365717,1.0
1758265012.857441,1.0
1758265012.878946,1.0
1758265012.8982954,1.0
1758265012.9190683,1.0
1758265012.939048,1.0
1758265012.9591753,1.0
1758265012.9814777,1.0
1758265013.014075,1.0
1758265013.0358658,1.0
1758265013.0565615,1.0
1758265013.0765917,1.0
1758265013.0972164,1.0
1758265013.1172817,1.0
1758265013.1373587,1.0
1758265013.1578326,1.0
1758265013.1772652,1.0
1758265013.1969612,1.0
1758265013.2167532,1.0
1758265013.2365282,1.0
1758265013.2556703,1.0
1758265013.2767165,1.0
1758265013.297095,1.0
1758265013.316294,1.0
1758265013.337165,1.0
1758265013.3571565,1.0
1758265013.376767,1.0
1758265013.398197,1.0
1758265013.4181952,1.0
1758265013.4408302,1.0
1758265013.4615662,1.0
1758265013.484904,1.0
1758265013.5045097,1.0
1758265013.5243206,1.0
1758265013.5443347,1.0
1758265013.566999,1.0
1758265013.586863,1.0
1758265013.6106436,1.0
1758265013.6303446,1.0
1758265013.6508605,1.0
1758265013.6723564,1.0
1758265013.6931467,1.0
1758265013.715081,1.0
1758265013.736574,1.0
1758265013.7604733,1.0
1758265013.7821453,1.0
1758265013.8036306,1.0
1758265013.8252964,1.0
1758265013.846557,1.0
1758265013.868503,1.0
1758265013.8883927,1.0
1758265013.9096408,1.0
1758265013.931229,1.0
1758265013.957123,1.0
1758265014.0004117,1.0
1758265014.023797,1.0
1758265014.0446653,1.0
1758265014.0678706,1.0
1758265014.0873435,1.0
1758265014.108352,1.0
1758265014.1284895,1.0
1758265014.1498964,1.0
1758265014.1715925,1.0
1758265014.1923606,1.0
1758265014.2141087,1.0
1758265014.2353244,1.0
1758265014.2584379,1.0
1758265014.278351,1.0
1758265014.2997112,1.0
1758265014.3214154,1.0
1758265014.342112,1.0
1758265014.365941,1.0
1758265014.3878796,1.0
1758265014.4395611,1.0
1758265014.4748237,1.0
1758265014.4961913,1.0
1758265014.5162477,1.0
1758265014.53655,1.0
1758265014.5556898,1.0
1758265014.5762355,1.0
1758265014.596459,1.0
1758265014.6170487,1.0
1758265014.6371856,1.0
1758265014.656357,1.0
1758265014.6765287,1.0
1758265014.7299292,1.0
1758265014.7924273,1.0
1758265014.851133,1.0
1758265014.9135263,1.0
1758265014.9370883,1.0
1758265014.9610329,1.0
1758265014.9820566,1.0
1758265015.006496,1.0
1758265015.026021,1.0
1758265015.0519772,1.0
1758265015.073282,1.0
1758265015.093253,1.0
1758265015.1140285,1.0
1758265015.1345315,1.0
1758265015.155697,1.0
1758265015.1762643,1.0
1758265015.1974478,1.0
1758265015.2173812,1.0
1758265015.237942,1.0
1758265015.261144,1.0
1758265015.2819784,1.0
1758265015.3023312,1.0
1758265015.3215504,1.0
1758265015.3412511,1.0
1758265015.360325,1.0
1758265015.3803964,1.0
1758265015.4017868,1.0
1758265015.4216647,1.0
1758265015.441218,1.0
1758265015.4630864,1.0
1758265015.482954,1.0
1758265015.5038874,1.0
1758265015.529094,1.0
1758265015.5490646,1.0
1758265015.5697434,1.0
1758265015.5899117,1.0
1758265015.6099718,1.0
1758265015.6301084,1.0
1758265015.651657,1.0
1758265015.67272,1.0
1758265015.6969607,1.0
1758265015.7165763,1.0
1758265015.7358484,1.0
1758265015.7578273,1.0
1758265015.8026118,1.0
1758265015.8649745,1.0
1758265015.9082851,1.0
1758265015.9291732,1.0
1758265015.9510407,1.0
1758265015.9715674,1.0
1758265015.9921484,1.0
1758265016.0124989,1.0
1758265016.0337698,1.0
1758265016.0533328,1.0
1758265016.0737412,1.0
1758265016.0956397,1.0
1758265016.1160533,1.0
1758265016.1351833,1.0
1758265016.1556404,1.0
1758265016.1761541,1.0
1758265016.1967988,1.0
1758265016.2204359,1.0
1758265016.2402465,1.0
1758265016.2600927,1.0
1758265016.2797956,1.0
1758265016.3002434,1.0
1758265016.320936,1.0
1758265016.3410623,1.0
1758265016.3610206,1.0
1758265016.3811407,1.0
1758265016.4040525,1.0
1758265016.4278524,1.0
1758265016.4485416,1.0
1758265016.4691794,1.0
1758265016.489336,1.0
1758265016.5117402,1.0
1758265016.532213,1.0
1758265016.5538347,1.0
1758265016.575049,1.0
1758265016.5951502,1.0
1758265016.61563,1.0
1758265016.636128,1.0
1758265016.6565115,1.0
1758265016.6764698,1.0
1758265016.6993344,1.0
1758265016.7185192,1.0
1758265016.738391,1.0
1758265016.7603061,1.0
1758265016.7803636,1.0
1758265016.8010015,1.0
1758265016.822639,1.0
1758265016.8431818,1.0
1758265016.8636608,1.0
1758265016.8834777,1.0
1758265016.903835,1.0
1758265016.9247732,1.0
1758265016.9451392,1.0
1758265016.9668121,1.0
1758265016.9884093,1.0
1758265017.0083697,1.0
1758265017.0284178,1.0
1758265017.0496745,1.0
1758265017.0711527,1.0
1758265017.0919647,1.0
1758265017.1126604,1.0
1758265017.1341588,1.0
1758265017.1564305,1.0
1758265017.1768546,1.0
1758265017.1973588,1.0
1758265017.2174077,1.0
1758265017.237307,1.0
1758265017.2579556,1.0
1758265017.278046,1.0
1758265017.299219,1.0
1758265017.3190486,1.0
1758265017.3400044,1.0
1758265017.3604975,1.0
1758265017.3812027,1.0
1758265017.4034402,1.0
1758265017.4244697,1.0
1758265017.446295,1.0
1758265017.4669724,1.0
1758265017.4878297,1.0
1758265017.507915,1.0
1758265017.5285218,1.0
1758265017.549797,1.0
1758265017.5708013,1.0
1758265017.5919263,1.0
1758265017.611711,1.0
1758265017.6323466,1.0
1758265017.6538293,1.0
1758265017.6746159,1.0
1758265017.6989665,1.0
1758265017.7200513,1.0
1758265017.7409198,1.0
1758265017.7639189,1.0
1758265017.7837276,1.0
1758265017.8035707,1.0
1758265017.8234205,1.0
1758265017.8438458,1.0
1758265017.8642802,1.0
1758265017.8844025,1.0
1758265017.9068093,1.0
1758265017.9270582,1.0
1758265017.9488375,1.0
1758265017.9691758,1.0
1758265017.9909368,1.0
1758265018.012899,1.0
1758265018.032189,1.0
1758265018.052212,1.0
1758265018.072893,1.0
1758265018.0930822,1.0
1758265018.1139925,1.0
1758265018.1355228,1.0
1758265018.1560457,1.0
1758265018.1770542,1.0
1758265018.1986775,1.0
1758265018.2222266,1.0
1758265018.2452571,1.0
1758265018.2659907,1.0
1758265018.2877927,1.0
1758265018.3078072,1.0
1758265018.3290818,1.0
1758265018.3491738,1.0
1758265018.3691254,1.0
1758265018.3893354,1.0
1758265018.4112933,1.0
1758265018.4308589,1.0
1758265018.4504492,1.0
1758265018.4701395,1.0
1758265018.4911342,1.0
1758265018.5118525,1.0
1758265018.5321922,1.0
1758265018.5540955,1.0
1758265018.5755167,1.0
1758265018.596346,1.0
1758265018.616837,1.0
1758265018.6371434,1.0
1758265018.6589162,1.0
1758265018.6825712,1.0
1758265018.7067838,1.0
1758265018.7292545,1.0
1758265018.7513375,1.0
1758265018.7722569,1.0
1758265018.7930348,1.0
1758265018.815031,1.0
1758265018.836939,1.0
1758265018.8564649,1.0
1758265018.8808773,1.0
1758265018.9040155,1.0
1758265018.9265423,1.0
1758265018.9502652,1.0
1758265018.9737236,1.0
1758265018.9951746,1.0
1758265019.0170882,1.0
1758265019.0390873,1.0
1758265019.0628016,1.0
1758265019.0848794,1.0
1758265019.1068554,1.0
1758265019.1269665,1.0
1758265019.1480162,1.0
1758265019.1693983,1.0
1758265019.1909742,1.0
1758265019.2115676,1.0
1758265019.2332535,1.0
1758265019.2564301,1.0
1758265019.276546,1.0
1758265019.297147,1.0
1758265019.319289,1.0
1758265019.34131,1.0
1758265019.361982,1.0
1758265019.3842905,1.0
1758265019.4057212,1.0
1758265019.4276884,1.0
1758265019.448707,1.0
1758265019.4691868,1.0
1758265019.4897735,1.0
1758265019.5105278,1.0
1758265019.5318441,1.0
1758265019.5521786,1.0
1758265019.5718975,1.0
1758265019.5924938,1.0
1758265019.6130946,1.0
1758265019.6344364,1.0
1758265019.6556573,1.0
1758265019.6780972,1.0
1758265019.6981187,1.0
1758265019.7200747,1.0
1758265019.7414787,1.0
1758265019.7670078,1.0
1758265019.7866688,1.0
1758265019.8101897,1.0
1758265019.833621,1.0
1758265019.8570492,1.0
1758265019.8771496,1.0
1758265019.897516,1.0
1758265019.9187136,1.0
1758265019.9391131,1.0
1758265019.9621537,1.0
1758265019.9840868,1.0
1758265020.0075595,1.0
1758265020.0356634,1.0
1758265020.0550494,1.0
1758265020.0761201,1.0
1758265020.0971014,1.0
1758265020.1190286,1.0
1758265020.1399388,1.0
1758265020.1611576,1.0
1758265020.1812751,1.0
1758265020.2027402,1.0
1758265020.2245028,1.0
1758265020.2449284,1.0
1758265020.265568,1.0
1758265020.2867208,1.0
1758265020.3068566,1.0
1758265020.3265538,1.0
1758265020.348024,1.0
1758265020.368194,1.0
1758265020.3935616,1.0
1758265020.4458745,1.0
1758265020.470892,1.0
1758265020.494079,1.0
1758265020.5191152,1.0
1758265020.5432525,1.0
1758265020.5704048,1.0
1758265020.5931897,1.0
1758265020.6154668,1.0
1758265020.6372137,1.0
1758265020.6593852,1.0
1758265020.6796756,1.0
1758265020.702639,1.0
1758265020.7234006,1.0
1758265020.7451737,1.0
1758265020.7651975,1.0
1758265020.7852237,1.0
1758265020.8050056,1.0
1758265020.8270843,1.0
1758265020.8470538,1.0
1758265020.8679547,1.0
1758265020.887854,1.0
1758265020.908625,1.0
1758265020.9304445,1.0
1758265020.9505553,1.0
1758265020.971293,1.0
1758265020.9919703,1.0
1758265021.0118878,1.0
1758265021.0323646,1.0
1758265021.0565326,1.0
1758265021.0768456,1.0
1758265021.0985794,1.0
1758265021.1225731,1.0
1758265021.1430163,1.0
1758265021.1642404,1.0
1758265021.1845715,1.0
1758265021.2048986,1.0
1758265021.2274182,1.0
1758265021.2485747,1.0
1758265021.2689044,1.0
1758265021.2897813,1.0
1758265021.3105278,1.0
1758265021.3308053,1.0
1758265021.351093,1.0
1758265021.3719208,1.0
1758265021.392682,1.0
1758265021.4132626,1.0
1758265021.433811,1.0
1758265021.454209,1.0
1758265021.4740672,1.0
1758265021.4955301,1.0
1758265021.5175745,1.0
1758265021.539358,1.0
1758265021.5611646,1.0
1758265021.5816147,1.0
1758265021.6050076,1.0
1758265021.6280477,1.0
1758265021.6505516,1.0
1758265021.6726947,1.0
1758265021.6955497,1.0
1758265021.7166398,1.0
1758265021.7370532,1.0
1758265021.7574441,1.0
1758265021.7786407,1.0
1758265021.8001752,1.0
1758265021.8208742,1.0
1758265021.841571,1.0
1758265021.8631053,1.0
1758265021.884709,1.0
1758265021.9064958,1.0
1758265021.9271972,1.0
1758265021.9484556,1.0
1758265021.9697986,1.0
1758265021.9911659,1.0
1758265022.0123749,1.0
1758265022.0333142,1.0
1758265022.0550857,1.0
1758265022.0764382,1.0
1758265022.0972388,1.0
1758265022.1183255,1.0
1758265022.1393673,1.0
1758265022.1646478,1.0
1758265022.186854,1.0
1758265022.2090766,1.0
1758265022.230556,1.0
1758265022.2513995,1.0
1758265022.2721255,1.0
1758265022.2942982,1.0
1758265022.3145437,1.0
1758265022.3355296,1.0
1758265022.3560057,1.0
1758265022.3770852,1.0
1758265022.4001896,1.0
1758265022.4221127,1.0
1758265022.4430606,1.0
1758265022.464173,1.0
1758265022.4848893,1.0
1758265022.5077174,1.0
1758265022.5280683,1.0
1758265022.549815,1.0
1758265022.5713124,1.0
1758265022.5923572,1.0
1758265022.612922,1.0
1758265022.6340384,1.0
1758265022.6550534,1.0
1758265022.6755848,1.0
1758265022.7035894,1.0
1758265022.7242837,1.0
1758265022.7457998,1.0
1758265022.7674809,1.0
1758265022.7896614,1.0
1758265022.8119555,1.0
1758265022.8318734,1.0
1758265022.8522255,1.0
1758265022.8727841,1.0
1758265022.892539,1.0
1758265022.912179,1.0
1758265022.933153,1.0
1758265022.9533317,1.0
1758265022.9761465,1.0
1758265022.9982357,1.0
1758265023.0192444,1.0
1758265023.0412543,1.0
1758265023.0619748,1.0
1758265023.0836124,1.0
1758265023.1045296,1.0
1758265023.129149,1.0
1758265023.1496603,1.0
1758265023.1696398,1.0
1758265023.1906953,1.0
1758265023.21223,1.0
1758265023.2329628,1.0
1758265023.2534058,1.0
1758265023.273953,1.0
1758265023.2948308,1.0
1758265023.3145177,1.0
1758265023.3400562,1.0
1758265023.3608515,1.0
1758265023.3811061,1.0
1758265023.403427,1.0
1758265023.4243734,1.0
1758265023.4448977,1.0
1758265023.4668608,1.0
1758265023.48959,1.0
1758265023.5108805,1.0
1758265023.5318723,1.0
1758265023.552375,1.0
1758265023.5721836,1.0
1758265023.593875,1.0
1758265023.6144671,1.0
1758265023.634517,1.0
1758265023.6557882,1.0
1758265023.675706,1.0
1758265023.699191,1.0
1758265023.7205331,1.0
1758265023.743002,1.0
1758265023.7649322,1.0
1758265023.7848125,1.0
1758265023.8072798,1.0
1758265023.8288472,1.0
1758265023.8495142,1.0
1758265023.8696465,1.0
1758265023.8910158,1.0
1758265023.911596,1.0
1758265023.9314222,1.0
1758265023.9515672,1.0
1758265023.9721715,1.0
1758265023.9931004,1.0
1758265024.018691,1.0
1758265024.0824554,1.0
1758265024.1509554,1.0
1758265024.2066348,1.0
1758265024.2705,1.0
1758265024.3290496,1.0
1758265024.3926175,1.0
1758265024.4506,1.0
1758265024.4742117,1.0
1758265024.494571,1.0
1758265024.5176637,1.0
1758265024.539297,1.0
1758265024.5625367,1.0
1758265024.5845888,1.0
1758265024.6077042,1.0
1758265024.62712,1.0
1758265024.6480358,1.0
1758265024.667186,1.0
1758265024.6914787,1.0
1758265024.713115,1.0
1758265024.7320273,1.0
1758265024.7537882,1.0
1758265024.773855,1.0
1758265024.7941558,1.0
1758265024.815333,1.0
1758265024.8353589,1.0
1758265024.8547857,1.0
1758265024.8768988,1.0
1758265024.8968565,1.0
1758265024.9169037,1.0
1758265024.9625463,1.0
1758265024.9845624,1.0
1758265025.0047936,1.0
1758265025.0247142,1.0
1758265025.044045,1.0
1758265025.0652924,1.0
1758265025.0864847,1.0
1758265025.1064336,1.0
1758265025.1295905,1.0
1758265025.1493132,1.0
1758265025.168872,1.0
1758265025.1891475,1.0
1758265025.2087004,1.0
1758265025.2301352,1.0
1758265025.2504656,1.0
1758265025.2714274,1.0
1758265025.2938066,1.0
1758265025.3174334,1.0
1758265025.3379683,1.0
1758265025.3586757,1.0
1758265025.377436,1.0
1758265025.398436,1.0
1758265025.4192293,1.0
1758265025.4399028,1.0
1758265025.4618795,1.0
1758265025.4834008,1.0
1758265025.5036066,1.0
1758265025.5249174,1.0
1758265025.5451276,1.0
1758265025.5652554,1.0
1758265025.5862677,1.0
1758265025.6058872,1.0
1758265025.6257026,1.0
1758265025.6450574,1.0
1758265025.664742,1.0
1758265025.684934,1.0
1758265025.7075431,1.0
1758265025.7315292,1.0
1758265025.7531629,1.0
1758265025.774011,1.0
1758265025.7943559,1.0
1758265025.8161871,1.0
1758265025.836095,1.0
1758265025.8570895,1.0
1758265025.8768878,1.0
1758265025.9038067,1.0
1758265025.9555125,1.0
1758265025.9830315,1.0
1758265026.0025856,1.0
1758265026.0245202,1.0
1758265026.0456388,1.0
1758265026.0719976,1.0
1758265026.0919182,1.0
1758265026.1121504,1.0
1758265026.1330273,1.0
1758265026.1527112,1.0
1758265026.1730285,1.0
1758265026.1948931,1.0
1758265026.2142816,1.0
1758265026.2340262,1.0
1758265026.2547553,1.0
1758265026.2747414,1.0
1758265026.295139,1.0
1758265026.3171842,1.0
1758265026.337391,1.0
1758265026.3564713,1.0
1758265026.3761828,1.0
1758265026.3973897,1.0
1758265026.4190562,1.0
1758265026.438783,1.0
1758265026.4586294,1.0
1758265026.4805198,1.0
1758265026.5005338,1.0
1758265026.5213585,1.0
1758265026.5412748,1.0
1758265026.5700333,1.0
1758265026.5908742,1.0
1758265026.610065,1.0
1758265026.6315446,1.0
1758265026.651127,1.0
1758265026.6713355,1.0
1758265026.6974394,1.0
1758265026.71839,1.0
1758265026.7385485,1.0
1758265026.7584667,1.0
1758265026.778917,1.0
1758265026.802301,1.0
1758265026.8468044,1.0
1758265026.8717027,1.0
1758265026.891332,1.0
1758265026.9166102,1.0
1758265026.9356825,1.0
1758265026.9549186,1.0
1758265026.9752867,1.0
1758265026.9975097,1.0
1758265027.0214298,1.0
1758265027.0404508,1.0
1758265027.06481,1.0
1758265027.085116,1.0
1758265027.1073425,1.0
1758265027.1270156,1.0
1758265027.149292,1.0
1758265027.1684415,1.0
1758265027.1882184,1.0
1758265027.2096295,1.0
1758265027.2301724,1.0
1758265027.2613497,1.0
1758265027.2855058,1.0
1758265027.3051677,1.0
1758265027.3242893,1.0
1758265027.3445704,1.0
1758265027.3637657,1.0
1758265027.3845434,1.0
1758265027.4042985,1.0
1758265027.4246426,1.0
1758265027.444872,1.0
1758265027.4821103,1.0
1758265027.524336,1.0
1758265027.5435936,1.0
1758265027.564427,1.0
1758265027.5845003,1.0
1758265027.6038055,1.0
1758265027.62313,1.0
1758265027.6424768,1.0
1758265027.6613445,1.0
1758265027.6809385,1.0
1758265027.7012227,1.0
1758265027.722074,1.0
1758265027.7437663,1.0
1758265027.7629824,1.0
1758265027.782247,1.0
1758265027.80292,1.0
1758265027.8260016,1.0
1758265027.8463874,1.0
1758265027.8666813,1.0
1758265027.8863137,1.0
1758265027.9058275,1.0
1758265027.92593,1.0
1758265027.9459023,1.0
1758265027.9678335,1.0
1758265027.9887104,1.0
1758265028.0085816,1.0
1758265028.027891,1.0
1758265028.050222,1.0
1758265028.0726707,1.0
1758265028.0925457,1.0
1758265028.1124887,1.0
1758265028.1326768,1.0
1758265028.1539223,1.0
1758265028.174525,1.0
1758265028.1959898,1.0
1758265028.2176604,1.0
1758265028.2386484,1.0
1758265028.2576075,1.0
1758265028.2776854,1.0
1758265028.299487,1.0
1758265028.319703,1.0
1758265028.3394232,1.0
1758265028.360746,1.0
1758265028.380776,1.0
1758265028.403145,1.0
1758265028.425097,1.0
1758265028.4445417,1.0
1758265028.467676,1.0
1758265028.488469,1.0
1758265028.508551,1.0
1758265028.5291255,1.0
1758265028.5480568,1.0
1758265028.5675147,1.0
1758265028.5876112,1.0
1758265028.6077225,1.0
1758265028.6270084,1.0
1758265028.646868,1.0
1758265028.6671968,1.0
1758265028.6886902,1.0
1758265028.715186,1.0
1758265028.7352345,1.0
1758265028.7563126,1.0
1758265028.7760377,1.0
1758265028.798077,1.0
1758265028.819685,1.0
1758265028.839425,1.0
1758265028.86424,1.0
1758265028.885133,1.0
1758265028.9045062,1.0
1758265028.9237719,1.0
1758265028.9470277,1.0
1758265028.982529,1.0
1758265029.0035555,1.0
1758265029.0289557,1.0
1758265029.0504646,1.0
1758265029.075479,1.0
1758265029.101008,1.0
1758265029.1206071,1.0
1758265029.1409907,1.0
1758265029.1608357,1.0
1758265029.1837826,1.0
1758265029.205403,1.0
1758265029.2541475,1.0
1758265029.310776,1.0
1758265029.3733253,1.0
1758265029.4359877,1.0
1758265029.498476,1.0
1758265029.5607944,1.0
1758265029.6222231,1.0
1758265029.6503663,1.0
1758265029.6694252,1.0
1758265029.6887648,1.0
1758265029.7078524,1.0
1758265029.7280343,1.0
1758265029.7479208,1.0
1758265029.7700248,1.0
1758265029.7909842,1.0
1758265029.811153,1.0
1758265029.832825,1.0
1758265029.8522966,1.0
1758265029.8716347,1.0
1758265029.890806,1.0
1758265029.9096365,1.0
1758265029.9295633,1.0
1758265029.9510345,1.0
1758265029.9711573,1.0
1758265029.9903152,1.0
1758265030.0112867,1.0
1758265030.032104,1.0
1758265030.0529277,1.0
1758265030.0728848,1.0
1758265030.0925882,1.0
1758265030.1123788,1.0
1758265030.13302,1.0
1758265030.1534111,1.0
1758265030.1722033,1.0
1758265030.1918063,1.0
1758265030.2133892,1.0
1758265030.233027,1.0
1758265030.2555263,1.0
1758265030.275003,1.0
1758265030.2946103,1.0
1758265030.317579,1.0
1758265030.3482995,1.0
1758265030.370806,1.0
1758265030.392031,1.0
1758265030.4125898,1.0
1758265030.4341326,1.0
1758265030.457426,1.0
1758265030.477536,1.0
1758265030.5020835,1.0
1758265030.52514,1.0
1758265030.5599813,1.0
1758265030.6062171,1.0
1758265030.6262467,1.0
1758265030.6477878,1.0
1758265030.668093,1.0
1758265030.6886797,1.0
1758265030.7118063,1.0
1758265030.7353477,1.0
1758265030.75679,1.0
1758265030.7760346,1.0
1758265030.7961206,1.0
1758265030.8176215,1.0
1758265030.8380103,1.0
1758265030.8582256,1.0
1758265030.8783548,1.0
1758265030.8986764,1.0
1758265030.919874,1.0
1758265030.938855,1.0
1758265030.9583685,1.0
1758265030.9772427,1.0
1758265031.0044792,1.0
1758265031.0390232,1.0
1758265031.0592952,1.0
1758265031.0794892,1.0
1758265031.098905,1.0
1758265031.119357,1.0
1758265031.1406217,1.0
1758265031.16228,1.0
1758265031.1822908,1.0
1758265031.2020028,1.0
1758265031.2393396,1.0
1758265031.2613685,1.0
1758265031.2815683,1.0
1758265031.3035128,1.0
1758265031.3241103,1.0
1758265031.345036,1.0
1758265031.3641136,1.0
1758265031.3851047,1.0
1758265031.4050744,1.0
1758265031.4253397,1.0
1758265031.4486072,1.0
1758265031.468092,1.0
1758265031.4877338,1.0
1758265031.5074599,1.0
1758265031.5316172,1.0
1758265031.553086,1.0
1758265031.572221,1.0
1758265031.5916514,1.0
1758265031.6108234,1.0
1758265031.6312227,1.0
1758265031.6501355,1.0
1758265031.6707616,1.0
1758265031.6903868,1.0
1758265031.7104082,1.0
1758265031.7367337,1.0
1758265031.7620788,1.0
1758265031.7867553,1.0
1758265031.809445,1.0
1758265031.8365023,1.0
1758265031.8610003,1.0
1758265031.8848224,1.0
1758265031.9077086,1.0
1758265031.9293284,1.0
1758265031.9535215,1.0
1758265031.98133,1.0
1758265032.0016124,1.0
1758265032.0256546,1.0
1758265032.0492928,1.0
1758265032.070018,1.0
1758265032.0915265,1.0
1758265032.111847,1.0
1758265032.1337848,1.0
1758265032.156542,1.0
1758265032.177389,1.0
1758265032.1975224,1.0
1758265032.2197344,1.0
1758265032.2389193,1.0
1758265032.2597814,1.0
1758265032.2818952,1.0
1758265032.3407934,1.0
1758265032.3676114,1.0
1758265032.3886514,1.0
1758265032.4086046,1.0
1758265032.4284658,1.0
1758265032.449381,1.0
1758265032.469478,1.0
1758265032.4895427,1.0
1758265032.510211,1.0
1758265032.5306263,1.0
1758265032.5511882,1.0
1758265032.5716193,1.0
1758265032.5919194,1.0
1758265032.6119857,1.0
1758265032.6328757,1.0
1758265032.6518054,1.0
1758265032.6720483,1.0
1758265032.6939516,1.0
1758265032.7145693,1.0
1758265032.7355218,1.0
1758265032.755713,1.0
1758265032.7772605,1.0
1758265032.7975101,1.0
1758265032.8183022,1.0
1758265032.8397026,1.0
1758265032.859946,1.0
1758265032.8801634,1.0
1758265032.90002,1.0
1758265032.9200547,1.0
1758265032.9417553,1.0
1758265032.9621437,1.0
1758265032.9827242,1.0
1758265033.0037544,1.0
1758265033.0230145,1.0
1758265033.045888,1.0
1758265033.0662966,1.0
1758265033.0864155,1.0
1758265033.106833,1.0
1758265033.1264405,1.0
1758265033.1462407,1.0
1758265033.1679804,1.0
1758265033.188102,1.0
1758265033.2085195,1.0
1758265033.230407,1.0
1758265033.2514167,1.0
1758265033.2731855,1.0
1758265033.2953541,1.0
1758265033.3155563,1.0
1758265033.337438,1.0
1758265033.359137,1.0
1758265033.3850179,1.0
1758265033.406742,1.0
1758265033.4281662,1.0
1758265033.4493241,1.0
1758265033.4717515,1.0
1758265033.498281,1.0
1758265033.517349,1.0
1758265033.5400898,1.0
1758265033.5621655,1.0
1758265033.585362,1.0
1758265033.605323,1.0
1758265033.6249087,1.0
1758265033.6464734,1.0
1758265033.6657228,1.0
1758265033.688395,1.0
1758265033.7081769,1.0
1758265033.727884,1.0
1758265033.7475958,1.0
1758265033.768212,1.0
1758265033.7877874,1.0
1758265033.8075006,1.0
1758265033.829409,1.0
1758265033.8491352,1.0
1758265033.868911,1.0
1758265033.889721,1.0
1758265033.9425862,1.0
1758265034.0024579,1.0
1758265034.063067,1.0
1758265034.1250732,1.0
1758265034.1868773,1.0
1758265034.2452028,1.0
1758265034.3076692,1.0
1758265034.3690846,1.0
1758265034.4313972,1.0
1758265034.4902284,1.0
1758265034.5525494,1.0
1758265034.6136882,1.0
1758265034.6759913,1.0
1758265034.7383795,1.0
1758265034.8008854,1.0
1758265034.863004,1.0
1758265034.924723,1.0
1758265034.9870656,1.0
1758265035.0493789,1.0
1758265035.1102695,1.0
1758265035.172639,1.0
1758265035.2374127,1.0
1758265035.2967823,1.0
1758265035.3552704,1.0
1758265035.4139717,1.0
1758265035.472529,1.0
1758265035.5314183,1.0
1758265035.5901453,1.0
1758265035.6455772,1.0
1758265035.705243,1.0
1758265035.7679434,1.0
1758265035.8316815,1.0
1758265035.8896446,1.0
1758265035.9478676,1.0
1758265036.0060444,1.0
1758265036.0643954,1.0
1758265036.1232655,1.0
1758265036.1787314,1.0
1758265036.2432299,1.0
1758265036.3038251,1.0
1758265036.3639882,1.0
1758265036.4187312,1.0
1758265036.4772274,1.0
1758265036.535684,1.0
1758265036.5941873,1.0
1758265036.6525006,1.0
1758265036.7111418,1.0
1758265036.7698333,1.0
1758265036.793474,1.0
1758265036.8128324,1.0
1758265036.8329747,1.0
1758265036.8524523,1.0
1758265036.87265,1.0
1758265036.9000313,1.0
1758265036.9205892,1.0
1758265036.9392571,1.0
1758265036.959894,1.0
1758265036.9785254,1.0
1758265036.9989786,1.0
1758265037.0194178,1.0
1758265037.0380037,1.0
1758265037.057987,1.0
1758265037.0770779,1.0
1758265037.0971818,1.0
1758265037.1508539,1.0
1758265037.207549,1.0
1758265037.2279897,1.0
1758265037.2860744,1.0
1758265037.33875,1.0
1758265037.3577495,1.0
1758265037.3779612,1.0
1758265037.399433,1.0
1758265037.4185984,1.0
1758265037.4398859,1.0
1758265037.4588375,1.0
1758265037.4881432,1.0
1758265037.506705,1.0
1758265037.5302215,1.0
1758265037.595364,1.0
1758265037.660449,1.0
1758265037.7241974,1.0
1758265037.790526,1.0
1758265037.862641,1.0
1758265037.9236236,1.0
1758265037.9923904,1.0
1758265038.05185,1.0
1758265038.096343,1.0
1758265038.116219,1.0
1758265038.139088,1.0
1758265038.1583304,1.0
1758265038.18026,1.0
1758265038.2005596,1.0
1758265038.2200468,1.0
1758265038.254253,1.0
1758265038.3128333,1.0
1758265038.3712838,1.0
1758265038.4124298,1.0
1758265038.4666362,1.0
1758265038.4973269,1.0
1758265038.5187972,1.0
1758265038.5383353,1.0
1758265038.5593169,1.0
1758265038.5793905,1.0
1758265038.598568,1.0
1758265038.6189485,1.0
1758265038.6417902,1.0
1758265038.6613126,1.0
1758265038.6891387,1.0
1758265038.7109156,1.0
1758265038.7392886,1.0
1758265038.7606232,1.0
1758265038.783826,1.0
1758265038.8139365,1.0
1758265038.8793688,1.0
1758265038.9020798,1.0
1758265038.925883,1.0
1758265038.9473095,1.0
1758265038.9665575,1.0
1758265038.985425,1.0
1758265039.0050094,1.0
1758265039.024644,1.0
1758265039.0451803,1.0
1758265039.066014,1.0
1758265039.102947,1.0
1758265039.1220384,1.0
1758265039.1458328,1.0
1758265039.168783,1.0
1758265039.19106,1.0
1758265039.2131722,1.0
1758265039.2346952,1.0
1758265039.255753,1.0
1758265039.275637,1.0
1758265039.2949781,1.0
1758265039.3155923,1.0
1758265039.3409328,1.0
1758265039.362165,1.0
1758265039.3871741,1.0
1758265039.4096684,1.0
1758265039.4335809,1.0
1758265039.4565692,1.0
1758265039.4777703,1.0
1758265039.4988477,1.0
1758265039.5222397,1.0
1758265039.5446892,1.0
1758265039.5660355,1.0
1758265039.5881438,1.0
1758265039.6129303,1.0
1758265039.6337526,1.0
1758265039.6540298,1.0
1758265039.674713,1.0
1758265039.7063055,1.0
1758265039.7260742,1.0
1758265039.7690647,1.0
1758265039.789629,1.0
1758265039.8090608,1.0
1758265039.8285189,1.0
1758265039.847909,1.0
1758265039.867994,1.0
1758265039.8889287,1.0
1758265039.909104,1.0
1758265039.932389,1.0
1758265039.9515896,1.0
1758265039.973109,1.0
1758265039.996443,1.0
1758265040.017726,1.0
1758265040.042482,1.0
1758265040.0688696,1.0
1758265040.0893865,1.0
1758265040.1117153,1.0
1758265040.1317716,1.0
1758265040.155698,1.0
1758265040.1795313,1.0
1758265040.205667,1.0
1758265040.2290041,1.0
1758265040.2530458,1.0
1758265040.27584,1.0
1758265040.2976117,1.0
1758265040.3175347,1.0
1758265040.3395696,1.0
1758265040.3587313,1.0
1758265040.3782132,1.0
1758265040.4001517,1.0
1758265040.419177,1.0
1758265040.4391317,1.0
1758265040.4594443,1.0
1758265040.4806106,1.0
1758265040.500779,1.0
1758265040.5204442,1.0
1758265040.539542,1.0
1758265040.559261,1.0
1758265040.580193,1.0
1758265040.600588,1.0
1758265040.6200304,1.0
1758265040.6398492,1.0
1758265040.6593738,1.0
1758265040.6791842,1.0
1758265040.7007892,1.0
1758265040.7202563,1.0
1758265040.7409282,1.0
1758265040.7612855,1.0
1758265040.7813058,1.0
1758265040.802312,1.0
1758265040.8224082,1.0
1758265040.8436975,1.0
1758265040.8645155,1.0
1758265040.8848188,1.0
1758265040.9034684,1.0
1758265040.925229,1.0
1758265040.9451208,1.0
1758265040.9669945,1.0
1758265040.9970064,1.0
1758265041.0371256,1.0
1758265041.061502,1.0
1758265041.0852673,1.0
1758265041.1077018,1.0
1758265041.1329782,1.0
1758265041.160123,1.0
1758265041.2153475,1.0
1758265041.2789023,1.0
1758265041.3423064,1.0
1758265041.4058862,1.0
1758265041.4457834,1.0
1758265041.4709022,1.0
1758265041.4908493,1.0
1758265041.5103836,1.0
1758265041.5311663,1.0
1758265041.5512128,1.0
1758265041.571462,1.0
1758265041.5922954,1.0
1758265041.6128922,1.0
1758265041.6322303,1.0
1758265041.6519,1.0
1758265041.6719782,1.0
1758265041.6916542,1.0
1758265041.711643,1.0
1758265041.7315981,1.0
1758265041.7522068,1.0
1758265041.7716892,1.0
1758265041.7920732,1.0
1758265041.8131194,1.0
1758265041.8332884,1.0
1758265041.8526475,1.0
1758265041.872315,1.0
1758265041.8917315,1.0
1758265041.911877,1.0
1758265041.9315064,1.0
1758265041.9529479,1.0
1758265041.972081,1.0
1758265041.992196,1.0
1758265042.0126803,1.0
1758265042.0317438,1.0
1758265042.050856,1.0
1758265042.0699697,1.0
1758265042.0897815,1.0
1758265042.1114674,1.0
1758265042.1327648,1.0
1758265042.1526234,1.0
1758265042.1716213,1.0
1758265042.19204,1.0
1758265042.2110705,1.0
1758265042.2318826,1.0
1758265042.2508273,1.0
1758265042.2714374,1.0
1758265042.2904806,1.0
1758265042.3108087,1.0
1758265042.3304565,1.0
1758265042.3509893,1.0
1758265042.3712692,1.0
1758265042.3917394,1.0
1758265042.412104,1.0
1758265042.4318695,1.0
1758265042.4515474,1.0
1758265042.4707258,1.0
1758265042.4899018,1.0
1758265042.5114439,1.0
1758265042.5314794,1.0
1758265042.5522134,1.0
1758265042.5719295,1.0
1758265042.5906148,1.0
1758265042.609915,1.0
1758265042.6347945,1.0
1758265042.6896796,1.0
1758265042.7343664,1.0
1758265042.7925427,1.0
1758265042.8535888,1.0
1758265042.9154093,1.0
1758265042.9558244,1.0
1758265043.0095553,1.0
1758265043.0688126,1.0
1758265043.1289327,1.0
1758265043.1638188,1.0
1758265043.208029,1.0
1758265043.245295,1.0
1758265043.2956262,1.0
1758265043.3494694,1.0
1758265043.4088633,1.0
1758265043.4677649,1.0
1758265043.5275714,1.0
1758265043.5862834,1.0
1758265043.6456592,1.0
1758265043.7061422,1.0
1758265043.765159,1.0
1758265043.8199902,1.0
1758265043.8792233,1.0
1758265043.9405735,1.0
1758265044.0014732,1.0
1758265044.059234,1.0
1758265044.1191952,1.0
1758265044.1447773,1.0
1758265044.1643488,1.0
1758265044.197941,1.0
1758265044.2268538,1.0
1758265044.2526252,1.0
1758265044.3148236,1.0
1758265044.371863,1.0
1758265044.4106104,1.0
1758265044.463798,1.0
1758265044.521909,1.0
1758265044.5645375,1.0
1758265044.612688,1.0
1758265044.6706629,1.0
1758265044.7298691,1.0
1758265044.7917452,1.0
1758265044.8510537,1.0
1758265044.9070687,1.0
1758265044.9308197,1.0
1758265044.9628239,1.0
1758265044.9881687,1.0
1758265045.0299401,1.0
1758265045.0529704,1.0
1758265045.0828254,1.0
1758265045.1080897,1.0
1758265045.1334043,1.0
1758265045.1533628,1.0
1758265045.1818569,1.0
1758265045.2440548,1.0
1758265045.3027544,1.0
1758265045.3639145,1.0
1758265045.4195,1.0
1758265045.4745889,1.0
1758265045.5298493,1.0
1758265045.5859723,1.0
1758265045.6422768,1.0
1758265045.698644,1.0
1758265045.755064,1.0
1758265045.811719,1.0
1758265045.8679168,1.0
1758265045.9208,1.0
1758265045.9792507,1.0
1758265046.03619,1.0
1758265046.0930967,1.0
1758265046.147105,1.0
1758265046.2046366,1.0
1758265046.2615366,1.0
1758265046.3180327,1.0
1758265046.374256,1.0
1758265046.430956,1.0
1758265046.4904225,1.0
1758265046.5474782,1.0
1758265046.604361,1.0
1758265046.6637914,1.0
1758265046.7182295,1.0
1758265046.7738812,1.0
1758265046.8308418,1.0
1758265046.8884923,1.0
1758265046.9471307,1.0
1758265046.9855406,1.0
1758265047.0398958,1.0
1758265047.096969,1.0
1758265047.151973,1.0
1758265047.2070386,1.0
1758265047.2628777,1.0
1758265047.3191457,1.0
1758265047.37532,1.0
1758265047.431043,1.0
1758265047.4871595,1.0
1758265047.5436494,1.0
1758265047.5997627,1.0
1758265047.65404,1.0
1758265047.7106771,1.0
1758265047.7680469,1.0
1758265047.8259072,1.0
1758265047.8695726,1.0
1758265047.913078,1.0
1758265047.9726646,1.0
1758265048.02848,1.0
1758265048.0867865,1.0
1758265048.144225,1.0
1758265048.2045805,1.0
1758265048.2642229,1.0
1758265048.326294,1.0
1758265048.3867738,1.0
1758265048.4494636,1.0
1758265048.5121179,1.0
1758265048.5735707,1.0
1758265048.6351938,1.0
1758265048.6983874,1.0
1758265048.758893,1.0
1758265048.8194532,1.0
1758265048.8771303,1.0
1758265048.9375062,1.0
1758265048.9999597,1.0
1758265049.0589924,1.0
1758265049.1182919,1.0
1758265049.1773233,1.0
1758265049.2385304,1.0
1758265049.2982774,1.0
1758265049.3576407,1.0
1758265049.4172153,1.0
1758265049.4769323,1.0
1758265049.5396655,1.0
1758265049.593976,1.0
1758265049.6527858,1.0
1758265049.7056842,1.0
1758265049.7574034,1.0
1758265049.8165612,1.0
1758265049.8769152,1.0
1758265049.938382,1.0
1758265049.9984164,1.0
1758265050.0578249,1.0
1758265050.1073418,1.0
1758265050.1669245,1.0
1758265050.2284782,1.0
1758265050.2925038,1.0
1758265050.3561983,1.0
1758265050.4203782,1.0
1758265050.4842632,1.0
1758265050.5476286,1.0
1758265050.611111,1.0
1758265050.6730356,1.0
1758265050.736438,1.0
1758265050.7968624,1.0
1758265050.8602448,1.0
1758265050.9193592,1.0
1758265050.9710946,1.0
1758265051.0257092,1.0
1758265051.0848966,1.0
1758265051.1474977,1.0
1758265051.2116108,1.0
1758265051.275406,1.0
1758265051.3389175,1.0
1758265051.4029791,1.0
1758265051.4648495,1.0
1758265051.5227137,1.0
1758265051.5789638,1.0
1758265051.6352742,1.0
1758265051.6927104,1.0
1758265051.753546,1.0
1758265051.816409,1.0
1758265051.8791041,1.0
1758265051.9417562,1.0
1758265052.0042982,1.0
1758265052.0643582,1.0
1758265052.1243386,1.0
1758265052.1862519,1.0
1758265052.2491171,1.0
1758265052.3171337,1.0
1758265052.373969,1.0
1758265052.4365556,1.0
1758265052.4993467,1.0
1758265052.562019,1.0
1758265052.617098,1.0
1758265052.6556814,1.0
1758265052.7154977,1.0
1758265052.7746143,1.0
1758265052.8330266,1.0
1758265052.8921676,1.0
1758265052.9442377,1.0
1758265052.9958024,1.0
1758265053.0402837,1.0
1758265053.0952187,1.0
1758265053.1448383,1.0
1758265053.2038076,1.0
1758265053.2589066,1.0
1758265053.3087568,1.0
1758265053.3714075,1.0
1758265053.4290001,1.0
1758265053.4771862,1.0
1758265053.5355456,1.0
1758265053.5991457,1.0
1758265053.6378224,1.0
1758265053.6603827,1.0
1758265053.713153,1.0
1758265053.7375803,1.0
1758265053.800554,1.0
1758265053.8320477,1.0
1758265053.8506277,1.0
1758265053.8696728,1.0
1758265053.891744,1.0
1758265053.912854,1.0
1758265053.936889,1.0
1758265053.9610217,1.0
1758265053.980919,1.0
1758265054.0150895,1.0
1758265054.040975,1.0
1758265054.063875,1.0
1758265054.0884151,1.0
1758265054.1201813,1.0
1758265054.1591187,1.0
1758265054.1784956,1.0
1758265054.1980774,1.0
1758265054.2206333,1.0
1758265054.2452748,1.0
1758265054.2679818,1.0
1758265054.309661,1.0
1758265054.3320258,1.0
1758265054.3529642,1.0
1758265054.3759577,1.0
1758265054.3973067,1.0
1758265054.417966,1.0
1758265054.43879,1.0
1758265054.458503,1.0
1758265054.4795744,1.0
1758265054.5005436,1.0
1758265054.5243258,1.0
1758265054.5438223,1.0
1758265054.5703015,1.0
1758265054.5928545,1.0
1758265054.637661,1.0
1758265054.67061,1.0
1758265054.701189,1.0
1758265054.730189,1.0
1758265054.7734451,1.0
1758265054.8033898,1.0
1758265054.832007,1.0
1758265054.8921547,1.0
1758265054.9127927,1.0
1758265054.9353018,1.0
1758265054.962858,1.0
1758265054.99068,1.0
1758265055.0106814,1.0
1758265055.0319116,1.0
1758265055.0509315,1.0
1758265055.0710213,1.0
1758265055.09179,1.0
1758265055.1116705,1.0
1758265055.1416168,1.0
1758265055.2054791,1.0
1758265055.2597003,1.0
1758265055.2932832,1.0
1758265055.3328025,1.0
1758265055.3965216,1.0
1758265055.4600358,1.0
1758265055.5234709,1.0
1758265055.5867896,1.0
1758265055.6504755,1.0
1758265055.7141826,1.0
1758265055.7767446,1.0
1758265055.8401754,1.0
1758265055.9039476,1.0
1758265055.9276285,1.0
1758265055.9466112,1.0
1758265055.9786994,1.0
1758265056.0380921,1.0
1758265056.0710113,1.0
1758265056.1010246,1.0
1758265056.1377807,1.0
1758265056.194371,1.0
1758265056.2551055,1.0
1758265056.3230388,1.0
1758265056.3869,1.0
1758265056.4500763,1.0
1758265056.5132854,1.0
1758265056.5747929,1.0
1758265056.6333966,1.0
1758265056.6915915,1.0
1758265056.7490885,1.0
1758265056.7723246,1.0
1758265056.795069,1.0
1758265056.8181336,1.0
1758265056.8400357,1.0
1758265056.8594573,1.0
1758265056.8810534,1.0
1758265056.9059854,1.0
1758265056.9328716,1.0
1758265056.9912305,1.0
1758265057.055316,1.0
1758265057.1166697,1.0
1758265057.1777937,1.0
1758265057.2381742,1.0
1758265057.2585735,1.0
1758265057.2777894,1.0
1758265057.298144,1.0
1758265057.3240068,1.0
1758265057.3843174,1.0
1758265057.4436805,1.0
1758265057.4973125,1.0
1758265057.5158827,1.0
1758265057.56639,1.0
1758265057.6308603,1.0
1758265057.6837752,1.0
1758265057.7282007,1.0
1758265057.787737,1.0
1758265057.8454645,1.0
1758265057.8884814,1.0
1758265057.9433382,1.0
1758265058.0013099,1.0
1758265058.0369766,1.0
1758265058.0805926,1.0
1758265058.1269538,1.0
1758265058.1946518,1.0
1758265058.2484183,1.0
1758265058.3105037,1.0
1758265058.3739967,1.0
1758265058.4371994,1.0
1758265058.500415,1.0
1758265058.5585353,1.0
1758265058.6195948,1.0
1758265058.6777146,1.0
1758265058.733546,1.0
1758265058.7791367,1.0
1758265058.8456242,1.0
1758265058.889779,1.0
1758265058.90797,1.0
1758265058.9446833,1.0
1758265058.9642057,1.0
1758265059.0109866,1.0
1758265059.0360453,1.0
1758265059.06505,1.0
1758265059.0900748,1.0
1758265059.113017,1.0
1758265059.1365542,1.0
1758265059.156259,1.0
1758265059.2139158,1.0
1758265059.277443,1.0
1758265059.3403275,1.0
1758265059.4010959,1.0
1758265059.4569883,1.0
1758265059.5123558,1.0
1758265059.5684767,1.0
1758265059.6248612,1.0
1758265059.682444,1.0
1758265059.7364771,1.0
1758265059.792709,1.0
1758265059.8502388,1.0
1758265059.9074113,1.0
1758265059.9641678,1.0
1758265060.0205095,1.0
1758265060.066166,1.0
1758265060.123002,1.0
1758265060.1793768,1.0
1758265060.235903,1.0
1758265060.288712,1.0
1758265060.3486419,1.0
1758265060.4057195,1.0
1758265060.469351,1.0
1758265060.5275786,1.0
1758265060.5833979,1.0
1758265060.6396308,1.0
1758265060.698739,1.0
1758265060.7532744,1.0
1758265060.808208,1.0
1758265060.8611217,1.0
1758265060.9172025,1.0
1758265060.973449,1.0
1758265061.0308597,1.0
1758265061.0877922,1.0
1758265061.1454089,1.0
1758265061.2021701,1.0
1758265061.2590668,1.0
1758265061.3166351,1.0
1758265061.3747597,1.0
1758265061.4332223,1.0
1758265061.4858837,1.0
1758265061.5411904,1.0
1758265061.589943,1.0
1758265061.6372614,1.0
1758265061.697834,1.0
1758265061.7588334,1.0
1758265061.8191535,1.0
1758265061.8790274,1.0
1758265061.9380615,1.0
1758265061.9941142,1.0
1758265062.0529196,1.0
1758265062.1133244,1.0
1758265062.1716692,1.0
1758265062.2306666,1.0
1758265062.289743,1.0
1758265062.348928,1.0
1758265062.4046311,1.0
1758265062.4626913,1.0
1758265062.523524,1.0
1758265062.5864346,1.0
1758265062.6461852,1.0
1758265062.6916075,1.0
1758265062.7532034,1.0
1758265062.8160353,1.0
1758265062.8792415,1.0
1758265062.9419181,1.0
1758265063.0016897,1.0
1758265063.0618227,1.0
1758265063.1226008,1.0
1758265063.1787283,1.0
1758265063.2376802,1.0
1758265063.2978058,1.0
1758265063.3604524,1.0
1758265063.4223053,1.0
1758265063.4828746,1.0
1758265063.542925,1.0
1758265063.6065035,1.0
1758265063.669162,1.0
1758265063.7320466,1.0
1758265063.794767,1.0
1758265063.8580692,1.0
1758265063.9209266,1.0
1758265063.9833999,1.0
1758265064.0459118,1.0
1758265064.1060534,1.0
1758265064.1687787,1.0
1758265064.2182665,1.0
1758265064.2761214,1.0
1758265064.336782,1.0
1758265064.3979447,1.0
1758265064.4588447,1.0
1758265064.520349,1.0
1758265064.582238,1.0
1758265064.6464055,1.0
1758265064.7111056,1.0
1758265064.7715073,1.0
1758265064.8259506,1.0
1758265064.8820453,1.0
1758265064.9220881,1.0
1758265064.98275,1.0
1758265065.001333,1.0
1758265065.029796,1.0
1758265065.0884426,1.0
1758265065.1513338,1.0
1758265065.2077239,1.0
1758265065.263041,1.0
1758265065.3191934,1.0
1758265065.3755083,1.0
1758265065.4318535,1.0
1758265065.488323,1.0
1758265065.544714,1.0
1758265065.600967,1.0
1758265065.6572366,1.0
1758265065.714079,1.0
1758265065.770783,1.0
1758265065.8275645,1.0
1758265065.8865921,1.0
1758265065.940906,1.0
1758265065.9975383,1.0
1758265066.057733,1.0
1758265066.1205518,1.0
1758265066.1830492,1.0
1758265066.2501926,1.0
1758265066.3132992,1.0
1758265066.3759632,1.0
1758265066.434853,1.0
1758265066.4954238,1.0
1758265066.5589054,1.0
1758265066.6051066,1.0
1758265066.650259,1.0
1758265066.7024662,1.0
1758265066.7616475,1.0
1758265066.81418,1.0
1758265066.8759549,1.0
1758265066.9249144,1.0
1758265066.9806974,1.0
1758265067.0399947,1.0
1758265067.090351,1.0
1758265067.147987,1.0
1758265067.2087975,1.0
1758265067.2612863,1.0
1758265067.324148,1.0
1758265067.3822646,1.0
1758265067.4343724,1.0
1758265067.467616,1.0
1758265067.491629,1.0
1758265067.5127444,1.0
1758265067.5330787,1.0
1758265067.5709453,1.0
1758265067.6092296,1.0
1758265067.6367059,1.0
1758265067.6644878,1.0
1758265067.6873941,1.0
1758265067.7082596,1.0
1758265067.7327018,1.0
1758265067.7532496,1.0
1758265067.7772079,1.0
1758265067.801787,1.0
1758265067.8649318,1.0
1758265067.927087,1.0
1758265067.9897535,1.0
1758265068.0504782,1.0
1758265068.113206,1.0
1758265068.1749237,1.0
1758265068.20998,1.0
1758265068.2294326,1.0
1758265068.248979,1.0
1758265068.2679665,1.0
1758265068.2870333,1.0
1758265068.3061242,1.0
1758265068.325066,1.0
1758265068.3440478,1.0
1758265068.3630912,1.0
1758265068.382138,1.0
1758265068.4033008,1.0
1758265068.4293203,1.0
1758265068.4484603,1.0
1758265068.4674177,1.0
1758265068.486283,1.0
1758265068.5059116,1.0
1758265068.5266268,1.0
1758265068.5464761,1.0
1758265068.5706973,1.0
1758265068.5926423,1.0
1758265068.6153977,1.0
1758265068.6502774,1.0
1758265068.7047832,1.0
1758265068.7483416,1.0
1758265068.8105116,1.0
1758265068.8729892,1.0
1758265068.9355245,1.0
1758265068.9941063,1.0
1758265069.0152194,1.0
1758265069.040416,1.0
1758265069.0645657,1.0
1758265069.1009986,1.0
1758265069.1213086,1.0
1758265069.1415195,1.0
1758265069.1613848,1.0
1758265069.2074459,1.0
1758265069.2653759,1.0
1758265069.3069053,1.0
1758265069.3258207,1.0
1758265069.3450553,1.0
1758265069.3642125,1.0
1758265069.3846729,1.0
1758265069.40348,1.0
1758265069.4225745,1.0
1758265069.4416413,1.0
1758265069.4606159,1.0
1758265069.4796789,1.0
1758265069.4986613,1.0
1758265069.5177386,1.0
1758265069.536892,1.0
1758265069.5557132,1.0
1758265069.5746293,1.0
1758265069.5962873,1.0
1758265069.6150308,1.0
1758265069.6338573,1.0
1758265069.6528518,1.0
1758265069.6721196,1.0
1758265069.693,1.0
1758265069.7127101,1.0
1758265069.7316449,1.0
1758265069.7504406,1.0
1758265069.7691507,1.0
1758265069.7879796,1.0
1758265069.8098369,1.0
1758265069.8289216,1.0
1758265069.848138,1.0
1758265069.8669667,1.0
1758265069.8858066,1.0
1758265069.904798,1.0
1758265069.9236767,1.0
1758265069.9424186,1.0
1758265069.9612367,1.0
1758265069.9801,1.0
1758265069.9990294,1.0
1758265070.0178878,1.0
1758265070.0368366,1.0
1758265070.0557902,1.0
1758265070.074809,1.0
1758265070.0938344,1.0
1758265070.1133437,1.0
1758265070.132414,1.0
1758265070.1513858,1.0
1758265070.170415,1.0
1758265070.1893673,1.0
1758265070.2082262,1.0
1758265070.2272098,1.0
1758265070.2462122,1.0
1758265070.2651873,1.0
1758265070.2841134,1.0
1758265070.3030157,1.0
1758265070.3218365,1.0
1758265070.3407376,1.0
1758265070.3597455,1.0
1758265070.3800786,1.0
1758265070.402618,1.0
1758265070.427497,1.0
1758265070.4466374,1.0
1758265070.4731188,1.0
1758265070.4924989,1.0
1758265070.5220096,1.0
1758265070.5847638,1.0
1758265070.645325,1.0
1758265070.704999,1.0
1758265070.7636013,1.0
1758265070.8245113,1.0
1758265070.8889222,1.0
1758265070.9483764,1.0
1758265071.0091012,1.0
1758265071.0702744,1.0
1758265071.1301556,1.0
1758265071.1900713,1.0
1758265071.2504842,1.0
1758265071.3102717,1.0
1758265071.3764708,1.0
1758265071.4408655,1.0
1758265071.505551,1.0
1758265071.556379,1.0
1758265071.5769088,1.0
1758265071.5979793,1.0
1758265071.6564248,1.0
1758265071.7160032,1.0
1758265071.7787688,1.0
1758265071.841012,1.0
1758265071.8943627,1.0
1758265071.9544864,1.0
1758265072.014866,1.0
1758265072.0748012,1.0
1758265072.1348255,1.0
1758265072.193517,1.0
1758265072.2586496,1.0
1758265072.3236506,1.0
1758265072.388218,1.0
1758265072.4538863,1.0
1758265072.5190208,1.0
1758265072.5781093,1.0
1758265072.6376748,1.0
1758265072.6638138,1.0
1758265072.685317,1.0
1758265072.7307682,1.0
1758265072.7684069,1.0
1758265072.7884488,1.0
1758265072.8361754,1.0
1758265072.856633,1.0
1758265072.8757708,1.0
1758265072.8951817,1.0
1758265072.9140847,1.0
1758265072.936842,1.0
1758265072.9575589,1.0
1758265072.9899664,1.0
1758265073.0163722,1.0
1758265073.0753887,1.0
1758265073.1369987,1.0
1758265073.1972787,1.0
1758265073.258548,1.0
1758265073.316298,1.0
1758265073.3383553,1.0
1758265073.357129,1.0
1758265073.3755777,1.0
1758265073.3957236,1.0
1758265073.415043,1.0
1758265073.439126,1.0
1758265073.4637415,1.0
1758265073.5192957,1.0
1758265073.5838273,1.0
1758265073.647062,1.0
1758265073.7105997,1.0
1758265073.774007,1.0
1758265073.8256888,1.0
1758265073.8845758,1.0
1758265073.9365256,1.0
1758265073.982545,1.0
1758265074.04253,1.0
1758265074.0982685,1.0
1758265074.1544294,1.0
1758265074.213998,1.0
1758265074.274683,1.0
1758265074.3353136,1.0
1758265074.39484,1.0
1758265074.4538863,1.0
1758265074.5137155,1.0
1758265074.5724378,1.0
1758265074.6243455,1.0
1758265074.682305,1.0
1758265074.7399752,1.0
1758265074.7870088,1.0
1758265074.8195062,1.0
1758265074.8395593,1.0
1758265074.8740108,1.0
1758265074.9334972,1.0
1758265074.984402,1.0
1758265075.0197504,1.0
1758265075.0463052,1.0
1758265075.1077285,1.0
1758265075.1326241,1.0
1758265075.1565478,1.0
1758265075.1805305,1.0
1758265075.2046967,1.0
1758265075.2436693,1.0
1758265075.3036575,1.0
1758265075.346558,1.0
1758265075.3830686,1.0
1758265075.4279287,1.0
1758265075.4536722,1.0
1758265075.4750257,1.0
1758265075.4989877,1.0
1758265075.52192,1.0
1758265075.545893,1.0
1758265075.5698771,1.0
1758265075.5938845,1.0
1758265075.6150534,1.0
1758265075.638971,1.0
1758265075.665866,1.0
1758265075.690534,1.0
1758265075.7138913,1.0
1758265075.7350602,1.0
1758265075.7589755,1.0
1758265075.7819138,1.0
1758265075.803053,1.0
1758265075.825907,1.0
1758265075.84817,1.0
1758265075.8738675,1.0
1758265075.8989608,1.0
1758265075.921899,1.0
1758265075.9458697,1.0
1758265075.9709365,1.0
1758265075.9949934,1.0
1758265076.0189788,1.0
1758265076.0429714,1.0
1758265076.0696993,1.0
1758265076.0986433,1.0
1758265076.1229618,1.0
1758265076.1469822,1.0
1758265076.173862,1.0
1758265076.1978865,1.0
1758265076.2218757,1.0
1758265076.245881,1.0
1758265076.2698839,1.0
1758265076.294978,1.0
1758265076.3218734,1.0
1758265076.345876,1.0
1758265076.3698685,1.0
1758265076.3944697,1.0
1758265076.4178824,1.0
1758265076.441881,1.0
1758265076.4658823,1.0
1758265076.489873,1.0
1758265076.5138848,1.0
1758265076.5378692,1.0
1758265076.5618718,1.0
1758265076.5858836,1.0
1758265076.60701,1.0
1758265076.6309726,1.0
1758265076.6549718,1.0
1758265076.678983,1.0
1758265076.7040634,1.0
1758265076.7269967,1.0
1758265076.749888,1.0
1758265076.7721727,1.0
1758265076.7950022,1.0
1758265076.815174,1.0
1758265076.837895,1.0
1758265076.8601058,1.0
1758265076.8829987,1.0
1758265076.9031515,1.0
1758265076.9258897,1.0
1758265076.9481022,1.0
1758265076.9709992,1.0
1758265076.9938958,1.0
1758265077.0189593,1.0
1758265077.0429735,1.0
1758265077.0669854,1.0
1758265077.0909672,1.0
1758265077.117877,1.0
1758265077.1429498,1.0
1758265077.1669726,1.0
1758265077.1909792,1.0
1758265077.213897,1.0
1758265077.2389402,1.0
1758265077.2658656,1.0
1758265077.2898817,1.0
1758265077.313913,1.0
1758265077.3378885,1.0
1758265077.3696988,1.0
1758265077.394219,1.0
1758265077.4218767,1.0
1758265077.453696,1.0
1758265077.477934,1.0
1758265077.5310013,1.0
1758265077.5795197,1.0
1758265077.609695,1.0
1758265077.6339068,1.0
1758265077.665705,1.0
1758265077.6900792,1.0
1758265077.7177007,1.0
1758265077.745715,1.0
1758265077.8024995,1.0
1758265077.8491766,1.0
1758265077.9063656,1.0
1758265077.9635472,1.0
1758265078.0214427,1.0
1758265078.0845826,1.0
1758265078.1475306,1.0
1758265078.2070425,1.0
1758265078.2677805,1.0
1758265078.3307323,1.0
1758265078.3920684,1.0
1758265078.455064,1.0
1758265078.517636,1.0
1758265078.580347,1.0
1758265078.6434183,1.0
1758265078.6991386,1.0
1758265078.754412,1.0
1758265078.8109663,1.0
1758265078.8676047,1.0
1758265078.9245863,1.0
1758265078.9577205,1.0
1758265078.9897776,1.0
1758265079.0217822,1.0
1758265079.0537767,1.0
1758265079.0857694,1.0
1758265079.1266985,1.0
1758265079.1833858,1.0
1758265079.240164,1.0
1758265079.297226,1.0
1758265079.3552864,1.0
1758265079.4150598,1.0
1758265079.4765456,1.0
1758265079.5291204,1.0
1758265079.5789967,1.0
1758265079.6172867,1.0
1758265079.6800885,1.0
1758265079.7388933,1.0
1758265079.800973,1.0
1758265079.8634558,1.0
1758265079.9207745,1.0
1758265079.9834437,1.0
1758265080.0460665,1.0
1758265080.1087184,1.0
1758265080.1713028,1.0
1758265080.233921,1.0
1758265080.2965012,1.0
1758265080.358226,1.0
1758265080.4209807,1.0
1758265080.4835873,1.0
1758265080.5462832,1.0
1758265080.6087482,1.0
1758265080.6712224,1.0
1758265080.731515,1.0
1758265080.7944303,1.0
1758265080.8570766,1.0
1758265080.9197934,1.0
1758265080.9824884,1.0
1758265081.0449636,1.0
1758265081.1073933,1.0
1758265081.1702285,1.0
1758265081.232839,1.0
1758265081.2954867,1.0
1758265081.3578162,1.0
1758265081.4204972,1.0
1758265081.4830267,1.0
1758265081.546145,1.0
1758265081.6054492,1.0
1758265081.6681333,1.0
1758265081.729991,1.0
1758265081.7926738,1.0
1758265081.8552926,1.0
1758265081.9180048,1.0
1758265081.976302,1.0
1758265082.0374763,1.0
1758265082.100036,1.0
1758265082.1624963,1.0
1758265082.2231572,1.0
1758265082.2830753,1.0
1758265082.3463354,1.0
1758265082.4054906,1.0
1758265082.467483,1.0
1758265082.5293868,1.0
1758265082.594353,1.0
1758265082.656581,1.0
1758265082.7139153,1.0
1758265082.771204,1.0
1758265082.8338692,1.0
1758265082.894266,1.0
1758265082.9399474,1.0
1758265082.9759207,1.0
1758265083.0378866,1.0
1758265083.0952284,1.0
1758265083.1506457,1.0
1758265083.2062032,1.0
1758265083.2626498,1.0
1758265083.3192513,1.0
1758265083.375972,1.0
1758265083.4326158,1.0
1758265083.4893053,1.0
1758265083.5460095,1.0
1758265083.602469,1.0
1758265083.6594386,1.0
1758265083.7164838,1.0
1758265083.7765608,1.0
1758265083.8355145,1.0
1758265083.892411,1.0
1758265083.9545574,1.0
1758265084.0144694,1.0
1758265084.0709863,1.0
1758265084.1270568,1.0
1758265084.1835814,1.0
1758265084.2400146,1.0
1758265084.2982817,1.0
1758265084.3540657,1.0
1758265084.4108982,1.0
1758265084.468627,1.0
1758265084.5218062,1.0
1758265084.5847986,1.0
1758265084.6435428,1.0
1758265084.7024388,1.0
1758265084.7637136,1.0
1758265084.8160913,1.0
1758265084.8697374,1.0
1758265084.9260683,1.0
1758265084.9833543,1.0
1758265085.0402992,1.0
1758265085.1042535,1.0
1758265085.152829,1.0
1758265085.2167692,1.0
1758265085.2692282,1.0
1758265085.2901716,1.0
1758265085.3087184,1.0
1758265085.328042,1.0
1758265085.3468442,1.0
1758265085.3942838,1.0
1758265085.4156222,1.0
1758265085.4434288,1.0
1758265085.49265,1.0
1758265085.5186532,1.0
1758265085.5375214,1.0
1758265085.5695589,1.0
1758265085.602601,1.0
1758265085.6270843,1.0
1758265085.6700735,1.0
1758265085.7012227,1.0
1758265085.7470086,1.0
1758265085.8106441,1.0
1758265085.8743784,1.0
1758265085.933528,1.0
1758265085.9956555,1.0
1758265086.0378606,1.0
1758265086.057209,1.0
1758265086.075995,1.0
1758265086.0952482,1.0
1758265086.11543,1.0
1758265086.135024,1.0
1758265086.154236,1.0
1758265086.1767952,1.0
1758265086.2111278,1.0
1758265086.269545,1.0
1758265086.3267276,1.0
1758265086.384775,1.0
1758265086.4452877,1.0
1758265086.5031252,1.0
1758265086.5444837,1.0
1758265086.5665548,1.0
1758265086.6106236,1.0
1758265086.6694324,1.0
1758265086.7182534,1.0
1758265086.7605212,1.0
1758265086.8198915,1.0
1758265086.883038,1.0
1758265086.9188147,1.0
1758265086.9418292,1.0
1758265086.9690084,1.0
1758265087.023949,1.0
1758265087.0828626,1.0
1758265087.1384048,1.0
1758265087.1815488,1.0
1758265087.2455378,1.0
1758265087.299684,1.0
1758265087.3588727,1.0
1758265087.4197414,1.0
1758265087.47375,1.0
1758265087.5368912,1.0
1758265087.5968742,1.0
1758265087.650214,1.0
1758265087.7090504,1.0
1758265087.765284,1.0
1758265087.788629,1.0
1758265087.8225935,1.0
1758265087.844552,1.0
1758265087.8865025,1.0
1758265087.945621,1.0
1758265088.0062375,1.0
1758265088.0705655,1.0
1758265088.134204,1.0
1758265088.197596,1.0
1758265088.2610447,1.0
1758265088.3245192,1.0
1758265088.3869722,1.0
1758265088.4437053,1.0
1758265088.5004694,1.0
1758265088.557337,1.0
1758265088.614781,1.0
1758265088.664983,1.0
1758265088.722825,1.0
1758265088.7801797,1.0
1758265088.8360734,1.0
1758265088.8953607,1.0
1758265088.9527225,1.0
1758265089.0121927,1.0
1758265089.0692544,1.0
1758265089.1257253,1.0
1758265089.1867304,1.0
1758265089.2355347,1.0
1758265089.2887309,1.0
1758265089.334581,1.0
1758265089.3899941,1.0
1758265089.4451313,1.0
1758265089.5022798,1.0
1758265089.5588815,1.0
1758265089.615694,1.0
1758265089.6724477,1.0
1758265089.7297025,1.0
1758265089.7864664,1.0
1758265089.8436334,1.0
1758265089.9025426,1.0
1758265089.9541953,1.0
1758265090.0118093,1.0
1758265090.0566618,1.0
1758265090.11191,1.0
1758265090.1662915,1.0
1758265090.2071176,1.0
1758265090.26127,1.0
1758265090.320818,1.0
1758265090.3710995,1.0
1758265090.4260094,1.0
1758265090.4861774,1.0
1758265090.5480676,1.0
1758265090.6074991,1.0
1758265090.66703,1.0
1758265090.7252688,1.0
1758265090.7755206,1.0
1758265090.8349211,1.0
1758265090.894243,1.0
1758265090.9431834,1.0
1758265091.0000215,1.0
1758265091.0559578,1.0
1758265091.1115634,1.0
1758265091.1706672,1.0
1758265091.2289488,1.0
1758265091.280121,1.0
1758265091.3372846,1.0
1758265091.3960633,1.0
1758265091.4451292,1.0
1758265091.503163,1.0
1758265091.5670927,1.0
1758265091.6241918,1.0
1758265091.6822844,1.0
1758265091.7414558,1.0
1758265091.8010643,1.0
1758265091.860336,1.0
1758265091.912523,1.0
1758265091.9766822,1.0
1758265092.0380933,1.0
1758265092.0965278,1.0
1758265092.1447442,1.0
1758265092.1984103,1.0
1758265092.2511451,1.0
1758265092.2955747,1.0
1758265092.3510866,1.0
1758265092.4086108,1.0
1758265092.470287,1.0
1758265092.5295897,1.0
1758265092.5891454,1.0
1758265092.6446943,1.0
1758265092.7066236,1.0
1758265092.7651556,1.0
1758265092.8283129,1.0
1758265092.8914375,1.0
1758265092.9538536,1.0
1758265093.0170689,1.0
1758265093.0800617,1.0
1758265093.14072,1.0
1758265093.201568,1.0
1758265093.2626188,1.0
1758265093.323543,1.0
1758265093.3821716,1.0
1758265093.44234,1.0
1758265093.4817977,1.0
1758265093.5029056,1.0
1758265093.5220196,1.0
1758265093.5419812,1.0
1758265093.5612183,1.0
1758265093.580602,1.0
1758265093.617151,1.0
1758265093.6792212,1.0
1758265093.7126522,1.0
1758265093.7316532,1.0
1758265093.7499883,1.0
1758265093.785102,1.0
1758265093.8471777,1.0
1758265093.9056165,1.0
1758265093.9603906,1.0
1758265094.0155485,1.0
1758265094.0715456,1.0
1758265094.1275985,1.0
1758265094.1834972,1.0
1758265094.239695,1.0
1758265094.29599,1.0
1758265094.352123,1.0
1758265094.4082298,1.0
1758265094.465034,1.0
1758265094.5216966,1.0
1758265094.5809412,1.0
1758265094.638178,1.0
1758265094.7010908,1.0
1758265094.7638578,1.0
1758265094.8267543,1.0
1758265094.8894646,1.0
1758265094.9504838,1.0
1758265095.0103862,1.0
1758265095.070762,1.0
1758265095.1286006,1.0
1758265095.186979,1.0
1758265095.2450228,1.0
1758265095.293479,1.0
1758265095.3461323,1.0
1758265095.4080956,1.0
1758265095.4663613,1.0
1758265095.5262184,1.0
1758265095.5811439,1.0
1758265095.640423,1.0
1758265095.6991646,1.0
1758265095.7565644,1.0
1758265095.8085775,1.0
1758265095.8624449,1.0
1758265095.913926,1.0
1758265095.9710267,1.0
1758265096.032749,1.0
1758265096.0958238,1.0
1758265096.1542494,1.0
1758265096.178828,1.0
1758265096.200218,1.0
1758265096.2315407,1.0
1758265096.2731135,1.0
1758265096.3359575,1.0
1758265096.3710313,1.0
1758265096.4306526,1.0
1758265096.4901125,1.0
1758265096.5341492,1.0
1758265096.5948322,1.0
1758265096.6582782,1.0
1758265096.721604,1.0
1758265096.7747579,1.0
1758265096.8342483,1.0
1758265096.8531475,1.0
1758265096.873417,1.0
1758265096.8919587,1.0
1758265096.9232874,1.0
1758265096.9819067,1.0
1758265097.0405076,1.0
1758265097.0911925,1.0
1758265097.1100035,1.0
1758265097.1495624,1.0
1758265097.1941588,1.0
1758265097.2448046,1.0
1758265097.290891,1.0
1758265097.3495607,1.0
1758265097.4096944,1.0
1758265097.4652145,1.0
1758265097.5234828,1.0
1758265097.5748727,1.0
1758265097.6222146,1.0
1758265097.6673195,1.0
1758265097.7253842,1.0
1758265097.7839825,1.0
1758265097.829402,1.0
1758265097.8878963,1.0
1758265097.9479482,1.0
1758265098.011042,1.0
1758265098.0796902,1.0
1758265098.1431165,1.0
1758265098.2012563,1.0
1758265098.268335,1.0
1758265098.3242965,1.0
1758265098.3949254,1.0
1758265098.4495645,1.0
1758265098.5023928,1.0
1758265098.5300236,1.0
1758265098.5546844,1.0
1758265098.579173,1.0
1758265098.609298,1.0
1758265098.6459546,1.0
1758265098.7045658,1.0
1758265098.7593653,1.0
1758265098.8135064,1.0
1758265098.8702612,1.0
1758265098.9251413,1.0
1758265098.979894,1.0
1758265099.0357225,1.0
1758265099.0919304,1.0
1758265099.1482208,1.0
1758265099.2043397,1.0
1758265099.2575953,1.0
1758265099.3147256,1.0
1758265099.3716311,1.0
1758265099.4270163,1.0
1758265099.484929,1.0
1758265099.5425608,1.0
1758265099.5943148,1.0
1758265099.6541643,1.0
1758265099.7109876,1.0
1758265099.7680607,1.0
1758265099.825561,1.0
1758265099.8836505,1.0
1758265099.9436848,1.0
1758265100.0008492,1.0
1758265100.0615184,1.0
1758265100.1192372,1.0
1758265100.1757596,1.0
1758265100.2332432,1.0
1758265100.2912414,1.0
1758265100.3501995,1.0
1758265100.4032865,1.0
1758265100.4588368,1.0
1758265100.5133862,1.0
1758265100.567941,1.0
1758265100.623259,1.0
1758265100.6789427,1.0
1758265100.734946,1.0
1758265100.7907777,1.0
1758265100.8469312,1.0
1758265100.90432,1.0
1758265100.9609957,1.0
1758265101.016802,1.0
1758265101.0797856,1.0
1758265101.131161,1.0
1758265101.1900537,1.0
1758265101.2504175,1.0
1758265101.3121502,1.0
1758265101.3747792,1.0
1758265101.4336722,1.0
1758265101.4952204,1.0
1758265101.5581703,1.0
1758265101.6266956,1.0
1758265101.6842928,1.0
1758265101.7474747,1.0
1758265101.8066063,1.0
1758265101.8657746,1.0
1758265101.9235616,1.0
1758265101.984808,1.0
1758265102.043429,1.0
1758265102.1038985,1.0
1758265102.1616888,1.0
1758265102.221399,1.0
1758265102.2808964,1.0
1758265102.340308,1.0
1758265102.3983169,1.0
1758265102.457571,1.0
1758265102.5165308,1.0
1758265102.5761049,1.0
1758265102.6383352,1.0
1758265102.6950302,1.0
1758265102.756546,1.0
1758265102.8180377,1.0
1758265102.877046,1.0
1758265102.9339225,1.0
1758265102.9967606,1.0
1758265103.0512211,1.0
1758265103.110396,1.0
1758265103.1687083,1.0
1758265103.2275374,1.0
1758265103.2866173,1.0
1758265103.343562,1.0
1758265103.3993917,1.0
1758265103.4566784,1.0
1758265103.5159783,1.0
1758265103.5735977,1.0
1758265103.6338212,1.0
1758265103.694908,1.0
1758265103.7535422,1.0
1758265103.8140974,1.0
1758265103.8698266,1.0
1758265103.9266086,1.0
1758265103.9875104,1.0
1758265104.0483236,1.0
1758265104.1088166,1.0
1758265104.1675403,1.0
1758265104.2293532,1.0
1758265104.2880402,1.0
1758265104.3471491,1.0
1758265104.4081047,1.0
1758265104.4691758,1.0
1758265104.529611,1.0
1758265104.5900095,1.0
1758265104.6453686,1.0
1758265104.6649735,1.0
1758265104.684136,1.0
1758265104.7071006,1.0
1758265104.7362697,1.0
1758265104.7557218,1.0
1758265104.7802644,1.0
1758265104.8093321,1.0
1758265104.83498,1.0
1758265104.8619204,1.0
1758265104.8839312,1.0
1758265104.9040713,1.0
1758265104.9321733,1.0
1758265104.9505064,1.0
1758265104.9689052,1.0
1758265104.9873984,1.0
1758265105.0124695,1.0
1758265105.07417,1.0
1758265105.134954,1.0
1758265105.1904292,1.0
1758265105.2515364,1.0
1758265105.3141649,1.0
1758265105.3774338,1.0
1758265105.438245,1.0
1758265105.5008376,1.0
1758265105.563763,1.0
1758265105.6254182,1.0
1758265105.6829298,1.0
1758265105.7455685,1.0
1758265105.808123,1.0
1758265105.8707244,1.0
1758265105.9332757,1.0
1758265105.994348,1.0
1758265106.0360017,1.0
1758265106.056813,1.0
1758265106.1093764,1.0
1758265106.1681306,1.0
1758265106.226411,1.0
1758265106.28409,1.0
1758265106.334168,1.0
1758265106.393143,1.0
1758265106.4479923,1.0
1758265106.5038948,1.0
1758265106.5635397,1.0
1758265106.6144357,1.0
1758265106.6739886,1.0
1758265106.7250562,1.0
1758265106.7782888,1.0
1758265106.8293576,1.0
1758265106.8888645,1.0
1758265106.9468942,1.0
1758265107.0096626,1.0
1758265107.070366,1.0
1758265107.1307473,1.0
1758265107.1947517,1.0
1758265107.2582836,1.0
1758265107.321218,1.0
1758265107.3848815,1.0
1758265107.4481392,1.0
1758265107.5070596,1.0
1758265107.5623612,1.0
1758265107.621563,1.0
1758265107.684309,1.0
1758265107.7469904,1.0
1758265107.7881966,1.0
1758265107.8091614,1.0
1758265107.8281395,1.0
1758265107.8474085,1.0
1758265107.867133,1.0
1758265107.885786,1.0
1758265107.906973,1.0
1758265107.926627,1.0
1758265107.9878182,1.0
1758265108.0461102,1.0
1758265108.1060946,1.0
1758265108.1251395,1.0
1758265108.1758375,1.0
1758265108.2333286,1.0
1758265108.2625926,1.0
1758265108.2870648,1.0
1758265108.3161156,1.0
1758265108.340987,1.0
1758265108.3610702,1.0
1758265108.3912346,1.0
1758265108.4496524,1.0
1758265108.5003,1.0
1758265108.5384142,1.0
1758265108.5916352,1.0
1758265108.6492126,1.0
1758265108.7006946,1.0
1758265108.7297814,1.0
1758265108.7608762,1.0
1758265108.8138106,1.0
1758265108.873405,1.0
1758265108.9333582,1.0
1758265108.9901698,1.0
1758265109.0484889,1.0
1758265109.103282,1.0
1758265109.1598783,1.0
1758265109.21369,1.0
1758265109.2762501,1.0
1758265109.329487,1.0
1758265109.381161,1.0
1758265109.4082642,1.0
1758265109.4369361,1.0
1758265109.4565928,1.0
1758265109.4844403,1.0
1758265109.5444746,1.0
1758265109.5951624,1.0
1758265109.6320407,1.0
1758265109.652046,1.0
1758265109.6736526,1.0
1758265109.6977258,1.0
1758265109.7566626,1.0
1758265109.776034,1.0
1758265109.8051395,1.0
1758265109.8292727,1.0
1758265109.8533056,1.0
1758265109.87679,1.0
1758265109.8973055,1.0
1758265109.916722,1.0
1758265109.9677067,1.0
1758265110.0269876,1.0
1758265110.0517063,1.0
1758265110.0750582,1.0
1758265110.094052,1.0
1758265110.112471,1.0
1758265110.1324518,1.0
1758265110.152426,1.0
1758265110.1738923,1.0
1758265110.198758,1.0
1758265110.2202578,1.0
1758265110.2418983,1.0
1758265110.2685037,1.0
1758265110.2884088,1.0
1758265110.3098865,1.0
1758265110.3309846,1.0
1758265110.3511324,1.0
1758265110.3722224,1.0
1758265110.3933086,1.0
1758265110.4139636,1.0
1758265110.4339,1.0
1758265110.455078,1.0
1758265110.476194,1.0
1758265110.4978893,1.0
1758265110.5178962,1.0
1758265110.5389988,1.0
1758265110.5601776,1.0
1758265110.5803504,1.0
1758265110.6019046,1.0
1758265110.6230407,1.0
1758265110.6441863,1.0
1758265110.6643658,1.0
1758265110.6858938,1.0
1758265110.7074165,1.0
1758265110.7285345,1.0
1758265110.748378,1.0
1758265110.7723143,1.0
1758265110.7910686,1.0
1758265110.811443,1.0
1758265110.8325324,1.0
1758265110.85145,1.0
1758265110.870475,1.0
1758265110.8921306,1.0
1758265110.9507222,1.0
1758265111.0138938,1.0
1758265111.0773387,1.0
1758265111.141191,1.0
1758265111.2048264,1.0
1758265111.2690635,1.0
1758265111.332796,1.0
1758265111.397385,1.0
1758265111.461105,1.0
1758265111.5222547,1.0
1758265111.5784652,1.0
1758265111.633784,1.0
1758265111.6896996,1.0
1758265111.746329,1.0
1758265111.7943118,1.0
1758265111.815943,1.0
1758265111.8380315,1.0
1758265111.8579724,1.0
1758265111.876848,1.0
1758265111.8964846,1.0
1758265111.9204345,1.0
1758265111.9428601,1.0
1758265111.9658685,1.0
1758265111.9898698,1.0
1758265112.0122545,1.0
1758265112.0378332,1.0
1758265112.0628867,1.0
1758265112.0869124,1.0
1758265112.11367,1.0
1758265112.1378243,1.0
1758265112.1618361,1.0
1758265112.186908,1.0
1758265112.2137184,1.0
1758265112.2378273,1.0
1758265112.2628903,1.0
1758265112.2876716,1.0
1758265112.3109481,1.0
1758265112.334912,1.0
1758265112.3589094,1.0
1758265112.382906,1.0
1758265112.4069893,1.0
1758265112.4309328,1.0
1758265112.4549248,1.0
1758265112.4789112,1.0
1758265112.5029087,1.0
1758265112.5269191,1.0
1758265112.5509138,1.0
1758265112.5749187,1.0
1758265112.5989113,1.0
1758265112.622925,1.0
1758265112.6469064,1.0
1758265112.6709027,1.0
1758265112.696439,1.0
1758265112.718983,1.0
1758265112.7419038,1.0
1758265112.7642567,1.0
1758265112.7869868,1.0
1758265112.8098967,1.0
1758265112.830968,1.0
1758265112.853894,1.0
1758265112.8759768,1.0
1758265112.8991218,1.0
1758265112.9219022,1.0
1758265112.9431536,1.0
1758265112.9658704,1.0
1758265112.9880092,1.0
1758265113.0110886,1.0
1758265113.0338614,1.0
1758265113.055954,1.0
1758265113.0778825,1.0
1758265113.100256,1.0
1758265113.1232345,1.0
1758265113.1459386,1.0
1758265113.1672192,1.0
1758265113.1951466,1.0
1758265113.2219377,1.0
1758265113.281407,1.0
1758265113.33825,1.0
1758265113.3590176,1.0
1758265113.381932,1.0
1758265113.4047716,1.0
1758265113.4270487,1.0
1758265113.449924,1.0
1758265113.472073,1.0
1758265113.4951715,1.0
1758265113.5178847,1.0
1758265113.5378942,1.0
1758265113.5589714,1.0
1758265113.5826848,1.0
1758265113.6020432,1.0
1758265113.62066,1.0
1758265113.6405523,1.0
1758265113.6619427,1.0
1758265113.680453,1.0
1758265113.7003846,1.0
1758265113.7194145,1.0
1758265113.7384114,1.0
1758265113.760275,1.0
1758265113.7793255,1.0
1758265113.7983835,1.0
1758265113.8168852,1.0
1758265113.8379462,1.0
1758265113.856461,1.0
1758265113.8771045,1.0
1758265113.8979414,1.0
1758265113.9165025,1.0
1758265113.9365382,1.0
1758265113.9564278,1.0
1758265113.9754,1.0
1758265113.9963007,1.0
1758265114.0336087,1.0
1758265114.0964363,1.0
1758265114.1539564,1.0
1758265114.214857,1.0
1758265114.2780092,1.0
1758265114.3407564,1.0
1758265114.4034941,1.0
1758265114.46591,1.0
1758265114.528749,1.0
1758265114.5901928,1.0
1758265114.6512673,1.0
1758265114.7140324,1.0
1758265114.7758837,1.0
1758265114.8334858,1.0
1758265114.8927963,1.0
1758265114.9523523,1.0
1758265114.9790242,1.0
1758265115.0095596,1.0
1758265115.0586724,1.0
1758265115.0802245,1.0
1758265115.1018984,1.0
1758265115.121901,1.0
1758265115.1419144,1.0
1758265115.1658635,1.0
1758265115.1858814,1.0
1758265115.2070296,1.0
1758265115.2271662,1.0
1758265115.2471685,1.0
1758265115.2682183,1.0
1758265115.2883685,1.0
1758265115.30989,1.0
1758265115.330984,1.0
1758265115.352202,1.0
1758265115.3778327,1.0
1758265115.3989987,1.0
1758265115.4227254,1.0
1758265115.4441917,1.0
1758265115.46707,1.0
1758265115.488206,1.0
1758265115.5089002,1.0
1758265115.5320716,1.0
1758265115.5616405,1.0
1758265115.5801067,1.0
1758265115.6018922,1.0
1758265115.6218932,1.0
1758265115.642985,1.0
1758265115.664187,1.0
1758265115.684341,1.0
1758265115.7059028,1.0
1758265115.7295835,1.0
1758265115.7538965,1.0
1758265115.772271,1.0
1758265115.7977114,1.0
1758265115.8228667,1.0
1758265115.8420296,1.0
1758265115.861988,1.0
1758265115.8830183,1.0
1758265115.9058628,1.0
1758265115.9287794,1.0
1758265115.9510372,1.0
1758265115.972225,1.0
1758265115.9949467,1.0
1758265116.0178814,1.0
1758265116.0419416,1.0
1758265116.0670261,1.0
1758265116.0910318,1.0
1758265116.1122608,1.0
1758265116.1350305,1.0
1758265116.1578937,1.0
1758265116.1818657,1.0
1758265116.2056863,1.0
1758265116.228146,1.0
1758265116.2510583,1.0
1758265116.275027,1.0
1758265116.295394,1.0
1758265116.321698,1.0
1758265116.3458652,1.0
1758265116.3698459,1.0
1758265116.3911185,1.0
1758265116.413908,1.0
1758265116.441375,1.0
1758265116.485846,1.0
1758265116.5098846,1.0
1758265116.533886,1.0
1758265116.561706,1.0
1758265116.6057086,1.0
1758265116.6313162,1.0
1758265116.6787207,1.0
1758265116.7033582,1.0
1758265116.7299109,1.0
1758265116.7577178,1.0
1758265116.7818723,1.0
1758265116.8097157,1.0
1758265116.8348978,1.0
1758265116.8591194,1.0
1758265116.8857076,1.0
1758265116.9137208,1.0
1758265116.9418724,1.0
1758265116.9698539,1.0
1758265116.9982827,1.0
1758265117.0256853,1.0
1758265117.0496883,1.0
1758265117.0738785,1.0
1758265117.0999565,1.0
1758265117.1543298,1.0
1758265117.2168913,1.0
1758265117.2617414,1.0
1758265117.3169863,1.0
1758265117.3759212,1.0
1758265117.4034624,1.0
1758265117.4587233,1.0
1758265117.5100431,1.0
1758265117.5543678,1.0
1758265117.6175272,1.0
1758265117.6801383,1.0
1758265117.742786,1.0
1758265117.8020048,1.0
1758265117.8652694,1.0
1758265117.9277878,1.0
1758265117.9906697,1.0
1758265118.0534115,1.0
1758265118.1158557,1.0
1758265118.1748111,1.0
1758265118.2335455,1.0
1758265118.2934985,1.0
1758265118.3529863,1.0
1758265118.4093635,1.0
1758265118.437743,1.0
1758265118.4631834,1.0
1758265118.4897358,1.0
1758265118.5177422,1.0
1758265118.541878,1.0
1758265118.5697303,1.0
1758265118.5931513,1.0
1758265118.6150994,1.0
1758265118.6430387,1.0
1758265118.6737075,1.0
1758265118.701727,1.0
1758265118.7310808,1.0
1758265118.755172,1.0
1758265118.7766132,1.0
1758265118.8102624,1.0
1758265118.8710997,1.0
1758265118.9071758,1.0
1758265118.935646,1.0
1758265118.961677,1.0
1758265118.9896743,1.0
1758265119.0176635,1.0
1758265119.0431402,1.0
1758265119.0738153,1.0
1758265119.1016498,1.0
1758265119.1258674,1.0
1758265119.153663,1.0
1758265119.1902523,1.0
1758265119.2179468,1.0
1758265119.2457154,1.0
1758265119.2737167,1.0
1758265119.3029559,1.0
1758265119.3298805,1.0
1758265119.3837028,1.0
1758265119.4101756,1.0
1758265119.4418724,1.0
1758265119.4698544,1.0
1758265119.4976919,1.0
1758265119.521881,1.0
1758265119.5470297,1.0
1758265119.572664,1.0
1758265119.639452,1.0
1758265119.6973245,1.0
1758265119.756308,1.0
1758265119.8154988,1.0
1758265119.8759162,1.0
1758265119.9359694,1.0
1758265119.9966257,1.0
1758265120.0564063,1.0
1758265120.1165593,1.0
1758265120.1758313,1.0
1758265120.205848,1.0
1758265120.2542117,1.0
1758265120.3181803,1.0
1758265120.380473,1.0
1758265120.4431539,1.0
1758265120.5062804,1.0
1758265120.5703442,1.0
1758265120.6342046,1.0
1758265120.6980753,1.0
1758265120.7620382,1.0
1758265120.8265426,1.0
1758265120.88758,1.0
1758265120.9500842,1.0
1758265121.0117655,1.0
1758265121.0739331,1.0
1758265121.1365545,1.0
1758265121.1988962,1.0
1758265121.2615645,1.0
1758265121.3249161,1.0
1758265121.3874123,1.0
1758265121.4499216,1.0
1758265121.5124466,1.0
1758265121.574104,1.0
1758265121.636626,1.0
1758265121.6991806,1.0
1758265121.7618985,1.0
1758265121.8278801,1.0
1758265121.8671925,1.0
1758265121.9249694,1.0
1758265121.9847734,1.0
1758265122.043471,1.0
1758265122.106308,1.0
1758265122.1626234,1.0
1758265122.2219732,1.0
1758265122.2857096,1.0
1758265122.3276803,1.0
1758265122.364886,1.0
1758265122.4261785,1.0
1758265122.4555366,1.0
1758265122.4741426,1.0
1758265122.4946206,1.0
1758265122.5207648,1.0
1758265122.545068,1.0
1758265122.5790682,1.0
1758265122.6243587,1.0
1758265122.6817462,1.0
1758265122.7422726,1.0
1758265122.7864351,1.0
1758265122.810633,1.0
1758265122.8696206,1.0
1758265122.9312017,1.0
1758265122.9939795,1.0
1758265123.0566661,1.0
1758265123.113781,1.0
1758265123.1330252,1.0
1758265123.1527617,1.0
1758265123.172197,1.0
1758265123.1933153,1.0
1758265123.247458,1.0
1758265123.305813,1.0
1758265123.3649063,1.0
1758265123.3922117,1.0
1758265123.417797,1.0
1758265123.4735036,1.0
1758265123.5052435,1.0
1758265123.5268538,1.0
1758265123.5498686,1.0
1758265123.5706146,1.0
1758265123.5963247,1.0
1758265123.6187294,1.0
1758265123.6408694,1.0
1758265123.6683156,1.0
1758265123.6887991,1.0
1758265123.7128887,1.0
1758265123.7348654,1.0
1758265123.7567878,1.0
1758265123.7851439,1.0
1758265123.8214226,1.0
1758265123.8844562,1.0
1758265123.9374616,1.0
1758265123.979152,1.0
1758265124.0334766,1.0
1758265124.0938957,1.0
1758265124.1186414,1.0
1758265124.1797786,1.0
1758265124.2436075,1.0
1758265124.3033621,1.0
1758265124.3653505,1.0
1758265124.4208033,1.0
1758265124.479603,1.0
1758265124.5377557,1.0
1758265124.5943975,1.0
1758265124.634281,1.0
1758265124.681226,1.0
1758265124.741815,1.0
1758265124.8009381,1.0
1758265124.8340168,1.0
1758265124.882447,1.0
1758265124.941159,1.0
1758265124.9820209,1.0
1758265125.0161066,1.0
1758265125.0440373,1.0
1758265125.0834122,1.0
1758265125.102375,1.0
1758265125.1610386,1.0
1758265125.218614,1.0
1758265125.278858,1.0
1758265125.3415198,1.0
1758265125.4021046,1.0
1758265125.4575546,1.0
1758265125.5138729,1.0
1758265125.57102,1.0
1758265125.6283038,1.0
1758265125.6854248,1.0
1758265125.7081056,1.0
1758265125.7336931,1.0
1758265125.758944,1.0
1758265125.785852,1.0
1758265125.8109527,1.0
1758265125.836016,1.0
1758265125.8657033,1.0
1758265125.893696,1.0
1758265125.9217026,1.0
1758265125.9443474,1.0
1758265125.9737017,1.0
1758265125.997703,1.0
1758265126.020352,1.0
1758265126.0496984,1.0
1758265126.0777016,1.0
1758265126.105698,1.0
1758265126.133314,1.0
1758265126.1915197,1.0
1758265126.2482822,1.0
1758265126.2975616,1.0
1758265126.3545861,1.0
1758265126.41032,1.0
1758265126.4660642,1.0
1758265126.5216947,1.0
1758265126.5779283,1.0
1758265126.6324878,1.0
1758265126.689209,1.0
1758265126.7459219,1.0
1758265126.802272,1.0
1758265126.85843,1.0
1758265126.893915,1.0
1758265126.9216826,1.0
1758265126.9496782,1.0
1758265126.9721863,1.0
1758265126.9994783,1.0
1758265127.0296755,1.0
1758265127.0538692,1.0
1758265127.0761962,1.0
1758265127.1018574,1.0
1758265127.1258707,1.0
1758265127.1536791,1.0
1758265127.177873,1.0
1758265127.2032952,1.0
1758265127.2521198,1.0
1758265127.3103335,1.0
1758265127.3695998,1.0
1758265127.4058933,1.0
1758265127.433682,1.0
1758265127.4616854,1.0
1758265127.4896853,1.0
1758265127.5177062,1.0
1758265127.5457027,1.0
1758265127.5733445,1.0
1758265127.5951166,1.0
1758265127.6216764,1.0
1758265127.6497257,1.0
1758265127.674855,1.0
1758265127.7018566,1.0
1758265127.7296822,1.0
1758265127.75483,1.0
1758265127.7818303,1.0
1758265127.8096826,1.0
1758265127.8298867,1.0
1758265127.8654408,1.0
1758265127.92009,1.0
1758265127.9757185,1.0
1758265128.0194643,1.0
1758265128.0468733,1.0
1758265128.0777004,1.0
1758265128.0978816,1.0
1758265128.1201732,1.0
1758265128.149686,1.0
1758265128.1698828,1.0
1758265128.1921644,1.0
1758265128.234436,1.0
1758265128.2903752,1.0
1758265128.3463912,1.0
1758265128.3819296,1.0
1758265128.404145,1.0
1758265128.4336874,1.0
1758265128.4538984,1.0
1758265128.4761643,1.0
1758265128.5056806,1.0
1758265128.525883,1.0
1758265128.5481493,1.0
1758265128.5904343,1.0
1758265128.6465032,1.0
1758265128.7031817,1.0
1758265128.760752,1.0
1758265128.8196983,1.0
1758265128.8537781,1.0
1758265128.8816843,1.0
1758265128.9041708,1.0
1758265128.9336941,1.0
1758265128.9616933,1.0
1758265128.984192,1.0
1758265129.0114348,1.0
1758265129.062857,1.0
1758265129.089698,1.0
1758265129.1176848,1.0
1758265129.1418886,1.0
1758265129.1641629,1.0
1758265129.1936905,1.0
1758265129.2181418,1.0
1758265129.2455587,1.0
1758265129.2680986,1.0
1758265129.2948694,1.0
1758265129.3422868,1.0
1758265129.3697183,1.0
1758265129.3976972,1.0
1758265129.4495873,1.0
1758265129.4776852,1.0
1758265129.502891,1.0
1758265129.5298533,1.0
1758265129.5521927,1.0
1758265129.5796146,1.0
1758265129.6065104,1.0
1758265129.661635,1.0
1758265129.7200267,1.0
1758265129.74569,1.0
1758265129.7699187,1.0
1758265129.7948997,1.0
1758265129.82185,1.0
1758265129.8469083,1.0
1758265129.8769886,1.0
1758265129.9281971,1.0
1758265129.9863777,1.0
1758265130.0458992,1.0
1758265130.1046212,1.0
1758265130.1336796,1.0
1758265130.1578586,1.0
1758265130.1801913,1.0
1758265130.2058365,1.0
1758265130.2282248,1.0
1758265130.2548852,1.0
1758265130.2801175,1.0
1758265130.30591,1.0
1758265130.3337142,1.0
1758265130.3829687,1.0
1758265130.4069533,1.0
1758265130.4338517,1.0
1758265130.4616845,1.0
1758265130.4897017,1.0
1758265130.5176759,1.0
1758265130.5418954,1.0
1758265130.5643084,1.0
1758265130.5861392,1.0
1758265130.6138349,1.0
1758265130.6428826,1.0
1758265130.6736822,1.0
1758265130.7018306,1.0
1758265130.725173,1.0
1758265130.7498996,1.0
1758265130.78619,1.0
1758265130.8298407,1.0
1758265130.8769226,1.0
1758265130.9019969,1.0
1758265130.9296753,1.0
1758265130.9548953,1.0
1758265130.9818487,1.0
1758265131.0041978,1.0
1758265131.0336902,1.0
1758265131.057449,1.0
1758265131.0839283,1.0
1758265131.109712,1.0
1758265131.1376975,1.0
1758265131.1696935,1.0
1758265131.1976922,1.0
1758265131.2229824,1.0
1758265131.2498689,1.0
1758265131.2789137,1.0
1758265131.3057034,1.0
1758265131.3464816,1.0
1758265131.3711443,1.0
1758265131.416211,1.0
1758265131.4510343,1.0
1758265131.4778645,1.0
1758265131.5002115,1.0
1758265131.5268874,1.0
1758265131.5536933,1.0
1758265131.5820224,1.0
1758265131.606946,1.0
1758265131.6310549,1.0
1758265131.6537445,1.0
1758265131.6816852,1.0
1758265131.7042525,1.0
1758265131.7336853,1.0
1758265131.7680185,1.0
1758265131.8059022,1.0
1758265131.8309534,1.0
1758265131.8559873,1.0
1758265131.8829384,1.0
1758265131.9136972,1.0
1758265131.9416685,1.0
1758265131.964191,1.0
1758265132.0083733,1.0
1758265132.0418556,1.0
1758265132.0697007,1.0
1758265132.0977058,1.0
1758265132.1257095,1.0
1758265132.1483288,1.0
1758265132.172029,1.0
1758265132.1939118,1.0
1758265132.2257013,1.0
1758265132.253689,1.0
1758265132.2763193,1.0
1758265132.305702,1.0
1758265132.328516,1.0
1758265132.353706,1.0
1758265132.3816962,1.0
1758265132.4097013,1.0
1758265132.4339159,1.0
1758265132.4629278,1.0
1758265132.4869237,1.0
1758265132.5176985,1.0
1758265132.5457046,1.0
1758265132.5688171,1.0
1758265132.5976949,1.0
1758265132.622036,1.0
1758265132.6444755,1.0
1758265132.6697266,1.0
1758265132.6977446,1.0
1758265132.7256994,1.0
1758265132.7499123,1.0
1758265132.7777076,1.0
1758265132.805742,1.0
1758265132.8286104,1.0
1758265132.8835545,1.0
1758265132.9099147,1.0
1758265132.9389062,1.0
1758265132.9696798,1.0
1758265132.9938736,1.0
1758265133.0215437,1.0
1758265133.0457177,1.0
1758265133.0736723,1.0
1758265133.1016803,1.0
1758265133.1258693,1.0
1758265133.1536868,1.0
1758265133.1762168,1.0
1758265133.1989765,1.0
1758265133.2182128,1.0
1758265133.2458732,1.0
1758265133.2737024,1.0
1758265133.2963133,1.0
1758265133.3257012,1.0
1758265133.3499134,1.0
1758265133.3743122,1.0
1758265133.4190466,1.0
1758265133.453939,1.0
1758265133.4829361,1.0
1758265133.5098825,1.0
1758265133.5417018,1.0
1758265133.5697896,1.0
1758265133.591155,1.0
1758265133.6149428,1.0
1758265133.6417031,1.0
1758265133.669702,1.0
1758265133.7017033,1.0
1758265133.7273402,1.0
1758265133.7576706,1.0
1758265133.780156,1.0
1758265133.80585,1.0
1758265133.8282082,1.0
1758265133.8538492,1.0
1758265133.8816757,1.0
1758265133.905824,1.0
1758265133.9337075,1.0
1758265133.9563053,1.0
1758265133.9856994,1.0
1758265134.013577,1.0
1758265134.037878,1.0
1758265134.0599077,1.0
1758265134.0949275,1.0
1758265134.1416945,1.0
1758265134.1641686,1.0
1758265134.213582,1.0
1758265134.2604907,1.0
1758265134.2989218,1.0
1758265134.3296866,1.0
1758265134.3576841,1.0
1758265134.3856745,1.0
1758265134.4081573,1.0
1758265134.4337413,1.0
1758265134.4542482,1.0
1758265134.4818568,1.0
1758265134.5096822,1.0
1758265134.533889,1.0
1758265134.5616827,1.0
1758265134.5891857,1.0
1758265134.6135452,1.0
1758265134.636144,1.0
1758265134.6656866,1.0
1758265134.6936953,1.0
1758265134.7336779,1.0
1758265134.7589104,1.0
1758265134.7869003,1.0
1758265134.8149037,1.0
1758265134.8479936,1.0
1758265134.9026995,1.0
1758265134.929716,1.0
1758265134.957699,1.0
1758265134.9856932,1.0
1758265135.008277,1.0
1758265135.04042,1.0
1758265135.0696971,1.0
1758265135.0922053,1.0
1758265135.1420786,1.0
1758265135.1658475,1.0
1758265135.1936927,1.0
1758265135.2303696,1.0
1758265135.260263,1.0
1758265135.2858562,1.0
1758265135.3098795,1.0
1758265135.3322222,1.0
1758265135.3690627,1.0
1758265135.3975885,1.0
1758265135.4235046,1.0
1758265135.4724019,1.0
1758265135.532463,1.0
1758265135.5931575,1.0
1758265135.613924,1.0
1758265135.6378968,1.0
1758265135.6843889,1.0
1758265135.7100332,1.0
1758265135.73387,1.0
1758265135.75905,1.0
1758265135.7858799,1.0
1758265135.8083198,1.0
1758265135.833896,1.0
1758265135.8579352,1.0
1758265135.8882744,1.0
1758265135.9136882,1.0
1758265135.941685,1.0
1758265135.9696963,1.0
1758265136.0103917,1.0
1758265136.034899,1.0
1758265136.0618393,1.0
1758265136.0896869,1.0
1758265136.1176784,1.0
1758265136.1456823,1.0
1758265136.1697016,1.0
1758265136.1923397,1.0
1758265136.21378,1.0
1758265136.2378812,1.0
1758265136.2970827,1.0
1758265136.3539486,1.0
1758265136.3776317,1.0
1758265136.3983366,1.0
1758265136.4235384,1.0
1758265136.442944,1.0
1758265136.4621603,1.0
1758265136.4810553,1.0
1758265136.5005474,1.0
1758265136.5242407,1.0
1758265136.5477288,1.0
1758265136.5722716,1.0
1758265136.5956385,1.0
1758265136.619547,1.0
1758265136.639195,1.0
1758265136.6596391,1.0
1758265136.6797247,1.0
1758265136.7073777,1.0
1758265136.7258117,1.0
1758265136.74529,1.0
1758265136.7638092,1.0
1758265136.7836823,1.0
1758265136.8025374,1.0
1758265136.8664525,1.0
1758265136.929421,1.0
1758265136.9872043,1.0
1758265137.0502715,1.0
1758265137.113118,1.0
1758265137.1761887,1.0
1758265137.2392488,1.0
1758265137.3023572,1.0
1758265137.3653684,1.0
1758265137.4282494,1.0
1758265137.491298,1.0
1758265137.5543113,1.0
1758265137.6158943,1.0
1758265137.6787329,1.0
1758265137.741845,1.0
1758265137.80492,1.0
1758265137.8674355,1.0
1758265137.9304512,1.0
1758265137.9936686,1.0
1758265138.0567334,1.0
1758265138.1198015,1.0
1758265138.1829932,1.0
1758265138.246059,1.0
1758265138.309126,1.0
1758265138.3721197,1.0
1758265138.4255621,1.0
1758265138.4846025,1.0
1758265138.5369742,1.0
1758265138.566163,1.0
1758265138.5851924,1.0
1758265138.63503,1.0
1758265138.6950927,1.0
1758265138.7463126,1.0
1758265138.8063984,1.0
1758265138.866265,1.0
1758265138.9259477,1.0
1758265138.9546986,1.0
1758265138.9785874,1.0
1758265139.0049822,1.0
1758265139.024755,1.0
1758265139.047185,1.0
1758265139.0689409,1.0
1758265139.0874248,1.0
1758265139.10651,1.0
1758265139.1271183,1.0
1758265139.145949,1.0
1758265139.1688123,1.0
1758265139.1937428,1.0
1758265139.2145822,1.0
1758265139.2511792,1.0
1758265139.315582,1.0
1758265139.3736582,1.0
1758265139.4215372,1.0
1758265139.4437523,1.0
1758265139.4621108,1.0
1758265139.480713,1.0
1758265139.4992716,1.0
1758265139.5177667,1.0
1758265139.536577,1.0
1758265139.5554113,1.0
1758265139.573975,1.0
1758265139.5993707,1.0
1758265139.618768,1.0
1758265139.637314,1.0
1758265139.67154,1.0
1758265139.7075112,1.0
1758265139.7266576,1.0
1758265139.745,1.0
1758265139.7657611,1.0
1758265139.7840505,1.0
1758265139.804283,1.0
1758265139.824068,1.0
1758265139.842418,1.0
1758265139.8615322,1.0
1758265139.8814003,1.0
1758265139.8998766,1.0
1758265139.9196723,1.0
1758265139.9390714,1.0
1758265139.973381,1.0
1758265139.9977193,1.0
1758265140.0198894,1.0
1758265140.0544267,1.0
1758265140.0784006,1.0
1758265140.0997994,1.0
1758265140.1199858,1.0
1758265140.1409528,1.0
1758265140.1719768,1.0
1758265140.2116697,1.0
1758265140.230063,1.0
1758265140.25145,1.0
1758265140.2931778,1.0
1758265140.3272738,1.0
1758265140.3461986,1.0
1758265140.3685522,1.0
1758265140.3893874,1.0
1758265140.416474,1.0
1758265140.436802,1.0
1758265140.4570568,1.0
1758265140.4802027,1.0
1758265140.5000105,1.0
1758265140.5202394,1.0
1758265140.5528688,1.0
1758265140.6116743,1.0
1758265140.6750762,1.0
1758265140.7383974,1.0
1758265140.80143,1.0
1758265140.8648112,1.0
1758265140.9277973,1.0
1758265140.9911797,1.0
1758265141.0542119,1.0
1758265141.1113982,1.0
1758265141.171623,1.0
1758265141.2345889,1.0
1758265141.286755,1.0
1758265141.3074036,1.0
1758265141.3269,1.0
1758265141.3471754,1.0
1758265141.3680105,1.0
1758265141.4010665,1.0
1758265141.4360888,1.0
1758265141.4638133,1.0
1758265141.4864268,1.0
1758265141.5286806,1.0
1758265141.5522404,1.0
1758265141.5734723,1.0
1758265141.5918636,1.0
1758265141.635318,1.0
1758265141.6805053,1.0
1758265141.7262998,1.0
1758265141.752641,1.0
1758265141.8149643,1.0
1758265141.8788116,1.0
1758265141.9133272,1.0
1758265141.9329784,1.0
1758265141.9590409,1.0
1758265141.9854274,1.0
1758265142.0188544,1.0
1758265142.0415995,1.0
1758265142.0612607,1.0
1758265142.0871518,1.0
1758265142.120904,1.0
1758265142.1672819,1.0
1758265142.2312348,1.0
1758265142.2948756,1.0
1758265142.3442554,1.0
1758265142.3724623,1.0
1758265142.3986826,1.0
1758265142.4543595,1.0
1758265142.5166824,1.0
1758265142.5789144,1.0
1758265142.6488683,1.0
1758265142.7116883,1.0
1758265142.774784,1.0
1758265142.8376727,1.0
1758265142.900552,1.0
1758265142.952415,1.0
1758265142.986638,1.0
1758265143.0226536,1.0
1758265143.0572953,1.0
1758265143.0792336,1.0
1758265143.126543,1.0
1758265143.1859908,1.0
1758265143.2346876,1.0
1758265143.2969558,1.0
1758265143.3529756,1.0
1758265143.3879554,1.0
1758265143.4415677,1.0
1758265143.499806,1.0
1758265143.561819,1.0
1758265143.6095724,1.0
1758265143.669447,1.0
1758265143.7179835,1.0
1758265143.777733,1.0
1758265143.8421855,1.0
1758265143.9008512,1.0
1758265143.9640448,1.0
1758265144.0233374,1.0
1758265144.0851252,1.0
1758265144.1432552,1.0
1758265144.1853569,1.0
1758265144.2093525,1.0
1758265144.240035,1.0
1758265144.263504,1.0
1758265144.308681,1.0
1758265144.337714,1.0
1758265144.3629384,1.0
1758265144.3889232,1.0
1758265144.408223,1.0
1758265144.467167,1.0
1758265144.524665,1.0
1758265144.5712059,1.0
1758265144.6102147,1.0
1758265144.6674552,1.0
1758265144.7223775,1.0
1758265144.7782037,1.0
1758265144.8349972,1.0
1758265144.89209,1.0
1758265144.9488683,1.0
1758265145.0059164,1.0
1758265145.0628958,1.0
1758265145.1201315,1.0
1758265145.1775713,1.0
1758265145.2275085,1.0
1758265145.2814343,1.0
1758265145.339498,1.0
1758265145.3965473,1.0
1758265145.4559755,1.0
1758265145.514753,1.0
1758265145.5722132,1.0
1758265145.6323454,1.0
1758265145.689222,1.0
1758265145.746344,1.0
1758265145.8068826,1.0
1758265145.8660285,1.0
1758265145.913251,1.0
1758265145.9697773,1.0
1758265146.0248985,1.0
1758265146.0812116,1.0
1758265146.1388738,1.0
1758265146.1958325,1.0
1758265146.2527125,1.0
1758265146.309636,1.0
1758265146.370987,1.0
1758265146.4283435,1.0
1758265146.486888,1.0
1758265146.5420716,1.0
1758265146.5979114,1.0
1758265146.6463552,1.0
1758265146.7055948,1.0
1758265146.7647557,1.0
1758265146.8222806,1.0
1758265146.8857229,1.0
1758265146.949124,1.0
1758265147.012345,1.0
1758265147.0755389,1.0
1758265147.1384323,1.0
1758265147.200698,1.0
1758265147.2633553,1.0
1758265147.3253217,1.0
1758265147.3843474,1.0
1758265147.4475682,1.0
1758265147.5104887,1.0
1758265147.5714934,1.0
1758265147.6316283,1.0
1758265147.6692286,1.0
1758265147.731312,1.0
1758265147.79109,1.0
1758265147.8379862,1.0
1758265147.8980265,1.0
1758265147.9510484,1.0
1758265147.9971604,1.0
1758265148.0369174,1.0
1758265148.0851667,1.0
1758265148.1374464,1.0
1758265148.1970105,1.0
1758265148.2477195,1.0
1758265148.3062928,1.0
1758265148.3653705,1.0
1758265148.4228292,1.0
1758265148.4779246,1.0
1758265148.5348332,1.0
1758265148.594404,1.0
1758265148.653322,1.0
1758265148.7166476,1.0
1758265148.7785132,1.0
1758265148.8379018,1.0
1758265148.895229,1.0
1758265148.9501126,1.0
1758265148.992081,1.0
1758265149.0472505,1.0
1758265149.091452,1.0
1758265149.147406,1.0
1758265149.1869614,1.0
1758265149.2423596,1.0
1758265149.3013074,1.0
1758265149.3568218,1.0
1758265149.4180267,1.0
1758265149.4813168,1.0
1758265149.5425384,1.0
1758265149.603197,1.0
1758265149.6621482,1.0
1758265149.7146356,1.0
1758265149.7760894,1.0
1758265149.8376265,1.0
1758265149.898895,1.0
1758265149.959284,1.0
1758265150.0202136,1.0
1758265150.0746982,1.0
1758265150.0952754,1.0
1758265150.11628,1.0
1758265150.1353376,1.0
1758265150.1542656,1.0
1758265150.1733072,1.0
1758265150.1939359,1.0
1758265150.2132618,1.0
1758265150.2376878,1.0
1758265150.2721722,1.0
1758265150.2960165,1.0
1758265150.3197832,1.0
1758265150.3411884,1.0
1758265150.3605647,1.0
1758265150.3875804,1.0
1758265150.405848,1.0
1758265150.4242766,1.0
1758265150.442758,1.0
1758265150.500131,1.0
1758265150.5592234,1.0
1758265150.614541,1.0
1758265150.6705167,1.0
1758265150.7268503,1.0
1758265150.7840428,1.0
1758265150.841559,1.0
1758265150.8985984,1.0
1758265150.95569,1.0
1758265151.012811,1.0
1758265151.0703273,1.0
1758265151.1292686,1.0
1758265151.1845648,1.0
1758265151.2417939,1.0
1758265151.2982414,1.0
1758265151.3549993,1.0
1758265151.4116898,1.0
1758265151.4688547,1.0
1758265151.5255501,1.0
1758265151.573408,1.0
1758265151.636845,1.0
1758265151.697597,1.0
1758265151.7542384,1.0
1758265151.8170717,1.0
1758265151.8776264,1.0
1758265151.9099574,1.0
1758265151.9713209,1.0
1758265152.0323098,1.0
1758265152.095493,1.0
1758265152.1486938,1.0
1758265152.2105021,1.0
1758265152.2702727,1.0
1758265152.326086,1.0
1758265152.3791947,1.0
1758265152.4367883,1.0
1758265152.4998486,1.0
1758265152.563159,1.0
1758265152.6262996,1.0
1758265152.6887493,1.0
1758265152.7519803,1.0
1758265152.814392,1.0
1758265152.8773599,1.0
1758265152.9400847,1.0
1758265153.003014,1.0
1758265153.066017,1.0
1758265153.101193,1.0
1758265153.146192,1.0
1758265153.193345,1.0
1758265153.2295952,1.0
1758265153.2525375,1.0
1758265153.277019,1.0
1758265153.3015432,1.0
1758265153.338697,1.0
1758265153.3673046,1.0
1758265153.413304,1.0
1758265153.471114,1.0
1758265153.5262105,1.0
1758265153.5894067,1.0
1758265153.6525688,1.0
1758265153.7144544,1.0
1758265153.7772293,1.0
1758265153.8401823,1.0
1758265153.9030595,1.0
1758265153.9659185,1.0
1758265154.0288098,1.0
1758265154.088448,1.0
1758265154.1506848,1.0
1758265154.212659,1.0
1758265154.2713838,1.0
1758265154.335681,1.0
1758265154.3933694,1.0
1758265154.4433012,1.0
1758265154.4615486,1.0
1758265154.511209,1.0
1758265154.5728247,1.0
1758265154.6084065,1.0
1758265154.667713,1.0
1758265154.726687,1.0
1758265154.7642767,1.0
1758265154.78592,1.0
1758265154.8098423,1.0
1758265154.8320978,1.0
1758265154.8578546,1.0
1758265154.8801482,1.0
1758265154.9119382,1.0
1758265154.9668949,1.0
1758265155.0216985,1.0
1758265155.077096,1.0
1758265155.133097,1.0
1758265155.1891487,1.0
1758265155.2452655,1.0
1758265155.3013961,1.0
1758265155.3576972,1.0
1758265155.4139018,1.0
1758265155.470123,1.0
1758265155.526737,1.0
1758265155.583744,1.0
1758265155.6360009,1.0
1758265155.6618838,1.0
1758265155.6897106,1.0
1758265155.717708,1.0
1758265155.7456803,1.0
1758265155.7682133,1.0
1758265155.797679,1.0
1758265155.8218772,1.0
1758265155.8458886,1.0
1758265155.8681788,1.0
1758265155.897685,1.0
1758265155.921868,1.0
1758265155.9440799,1.0
1758265155.9736867,1.0
1758265156.029839,1.0
1758265156.0859168,1.0
1758265156.1424906,1.0
1758265156.2010305,1.0
1758265156.233648,1.0
1758265156.2578573,1.0
1758265156.281881,1.0
1758265156.3136766,1.0
1758265156.3378747,1.0
1758265156.3746586,1.0
1758265156.433904,1.0
1758265156.4911368,1.0
1758265156.5469468,1.0
1758265156.6083536,1.0
1758265156.6666358,1.0
1758265156.7254262,1.0
1758265156.7617662,1.0
1758265156.8164716,1.0
1758265156.8573077,1.0
1758265156.9125068,1.0
1758265156.9672778,1.0
1758265157.0137744,1.0
1758265157.0655339,1.0
1758265157.108047,1.0
1758265157.164307,1.0
1758265157.2204545,1.0
1758265157.2770114,1.0
1758265157.3331296,1.0
1758265157.3890524,1.0
1758265157.4450297,1.0
1758265157.5020676,1.0
1758265157.5592842,1.0
1758265157.6178005,1.0
1758265157.6700153,1.0
1758265157.7186108,1.0
1758265157.7584107,1.0
1758265157.815004,1.0
1758265157.8742676,1.0
1758265157.9170203,1.0
1758265157.9797118,1.0
1758265158.043021,1.0
1758265158.1062477,1.0
1758265158.16934,1.0
1758265158.232423,1.0
1758265158.2955902,1.0
1758265158.3584723,1.0
1758265158.4193091,1.0
1758265158.4800527,1.0
1758265158.521018,1.0
1758265158.5815082,1.0
1758265158.6407318,1.0
1758265158.6880372,1.0
1758265158.7209313,1.0
1758265158.7834818,1.0
1758265158.825799,1.0
1758265158.853944,1.0
1758265158.911734,1.0
1758265158.9727848,1.0
1758265159.0336087,1.0
1758265159.0942442,1.0
1758265159.1570883,1.0
1758265159.2178283,1.0
1758265159.2787888,1.0
1758265159.3170445,1.0
1758265159.3772388,1.0
1758265159.4253054,1.0
1758265159.4848516,1.0
1758265159.5437064,1.0
1758265159.604778,1.0
1758265159.6637752,1.0
1758265159.7245374,1.0
1758265159.7849674,1.0
1758265159.8441987,1.0
1758265159.8988261,1.0
1758265159.9363208,1.0
1758265159.9720352,1.0
1758265160.0210154,1.0
1758265160.079037,1.0
1758265160.1273348,1.0
1758265160.1831508,1.0
1758265160.222212,1.0
1758265160.2499447,1.0
1758265160.3090749,1.0
1758265160.3457751,1.0
1758265160.4040596,1.0
1758265160.4606454,1.0
1758265160.5106528,1.0
1758265160.566814,1.0
1758265160.6264567,1.0
1758265160.6856208,1.0
1758265160.744485,1.0
1758265160.8036003,1.0
1758265160.8630142,1.0
1758265160.921958,1.0
1758265160.962814,1.0
1758265161.0244203,1.0
1758265161.0757866,1.0
1758265161.1363382,1.0
1758265161.1660664,1.0
1758265161.2156014,1.0
1758265161.261664,1.0
1758265161.320558,1.0
1758265161.3667789,1.0
1758265161.3889294,1.0
1758265161.4078496,1.0
1758265161.426995,1.0
1758265161.44646,1.0
1758265161.4659321,1.0
1758265161.4856775,1.0
1758265161.5109186,1.0
1758265161.5341368,1.0
1758265161.559197,1.0
1758265161.5836663,1.0
1758265161.6086423,1.0
1758265161.6353824,1.0
1758265161.6665814,1.0
1758265161.6908717,1.0
1758265161.7093108,1.0
1758265161.7463636,1.0
1758265161.8087332,1.0
1758265161.8712292,1.0
1758265161.9332807,1.0
1758265161.990716,1.0
1758265162.0467381,1.0
1758265162.10428,1.0
1758265162.1603546,1.0
1758265162.216431,1.0
1758265162.2725806,1.0
1758265162.3285294,1.0
1758265162.3846085,1.0
1758265162.441305,1.0
1758265162.5017638,1.0
1758265162.564966,1.0
1758265162.6278753,1.0
1758265162.690847,1.0
1758265162.7539535,1.0
1758265162.8170984,1.0
1758265162.8731363,1.0
1758265162.9269288,1.0
1758265162.9830825,1.0
1758265163.04004,1.0
1758265163.086233,1.0
1758265163.1437523,1.0
1758265163.2022688,1.0
1758265163.26016,1.0
1758265163.3210547,1.0
1758265163.3782463,1.0
1758265163.4290469,1.0
1758265163.4800184,1.0
1758265163.5425732,1.0
1758265163.604806,1.0
1758265163.655538,1.0
1758265163.6971574,1.0
1758265163.7530851,1.0
1758265163.7944887,1.0
1758265163.8474658,1.0
1758265163.8989174,1.0
1758265163.9378014,1.0
1758265163.9840238,1.0
1758265164.0466537,1.0
1758265164.0890424,1.0
1758265164.1249423,1.0
1758265164.148716,1.0
1758265164.1758935,1.0
1758265164.208884,1.0
1758265164.237027,1.0
1758265164.259581,1.0
1758265164.2834904,1.0
1758265164.3104224,1.0
1758265164.3422542,1.0
1758265164.375107,1.0
1758265164.3960018,1.0
1758265164.415991,1.0
1758265164.4567518,1.0
1758265164.4981987,1.0
1758265164.5217774,1.0
1758265164.544225,1.0
1758265164.5893018,1.0
1758265164.6528296,1.0
1758265164.7153256,1.0
1758265164.7786684,1.0
1758265164.8417497,1.0
1758265164.9038746,1.0
1758265164.9668682,1.0
1758265165.0296466,1.0
1758265165.0709233,1.0
1758265165.1001003,1.0
1758265165.1522439,1.0
1758265165.1718235,1.0
1758265165.194498,1.0
1758265165.2249348,1.0
1758265165.2824192,1.0
1758265165.3226836,1.0
1758265165.3805964,1.0
1758265165.4414325,1.0
1758265165.500382,1.0
1758265165.558692,1.0
1758265165.5929987,1.0
1758265165.6203926,1.0
1758265165.644021,1.0
1758265165.687441,1.0
1758265165.7455482,1.0
1758265165.7919056,1.0
1758265165.8244507,1.0
1758265165.883105,1.0
1758265165.9462802,1.0
1758265166.0042782,1.0
1758265166.0672405,1.0
1758265166.1300263,1.0
1758265166.1929927,1.0
1758265166.2552993,1.0
1758265166.3185482,1.0
1758265166.3815508,1.0
1758265166.4445102,1.0
1758265166.5073469,1.0
1758265166.569052,1.0
1758265166.6321187,1.0
1758265166.689057,1.0
1758265166.7215564,1.0
1758265166.747636,1.0
1758265166.7835534,1.0
1758265166.842962,1.0
1758265166.9017978,1.0
1758265166.9618797,1.0
1758265167.016712,1.0
1758265167.0715337,1.0
1758265167.1266787,1.0
1758265167.1827888,1.0
1758265167.2398295,1.0
1758265167.2958772,1.0
1758265167.3524451,1.0
1758265167.4084532,1.0
1758265167.4645538,1.0
1758265167.5205834,1.0
1758265167.5772061,1.0
1758265167.6341035,1.0
1758265167.6909106,1.0
1758265167.7456033,1.0
1758265167.8048792,1.0
1758265167.8607583,1.0
1758265167.9142342,1.0
1758265167.97069,1.0
1758265168.030167,1.0
1758265168.091692,1.0
1758265168.1485274,1.0
1758265168.206214,1.0
1758265168.2625654,1.0
1758265168.3183632,1.0
1758265168.3743677,1.0
1758265168.4343874,1.0
1758265168.4867852,1.0
1758265168.5430288,1.0
1758265168.595269,1.0
1758265168.6499803,1.0
1758265168.7047975,1.0
1758265168.760381,1.0
1758265168.8164716,1.0
1758265168.8724997,1.0
1758265168.9285731,1.0
1758265168.9846485,1.0
1758265169.040808,1.0
1758265169.0968194,1.0
1758265169.1528308,1.0
1758265169.2091641,1.0
1758265169.263306,1.0
1758265169.322886,1.0
1758265169.369542,1.0
1758265169.427603,1.0
1758265169.4881852,1.0
1758265169.5454051,1.0
1758265169.6043088,1.0
1758265169.671193,1.0
1758265169.734137,1.0
1758265169.79279,1.0
1758265169.855695,1.0
1758265169.916329,1.0
1758265169.9764278,1.0
1758265170.0312154,1.0
1758265170.0899146,1.0
1758265170.1462831,1.0
1758265170.2067113,1.0
1758265170.2676365,1.0
1758265170.3249307,1.0
1758265170.383499,1.0
1758265170.4364636,1.0
1758265170.493758,1.0
1758265170.5535865,1.0
1758265170.6145086,1.0
1758265170.6735408,1.0
1758265170.73553,1.0
1758265170.7948456,1.0
1758265170.8540227,1.0
1758265170.9075627,1.0
1758265170.968961,1.0
1758265171.0302782,1.0
1758265171.0895746,1.0
1758265171.14985,1.0
1758265171.210057,1.0
1758265171.272064,1.0
1758265171.334711,1.0
1758265171.3973184,1.0
1758265171.4578545,1.0
1758265171.5154357,1.0
1758265171.5700216,1.0
1758265171.6249511,1.0
1758265171.685698,1.0
1758265171.7464268,1.0
1758265171.8090007,1.0
1758265171.8662121,1.0
1758265171.923994,1.0
1758265171.983429,1.0
1758265172.0440683,1.0
1758265172.1022577,1.0
1758265172.1606767,1.0
1758265172.2211287,1.0
1758265172.282507,1.0
1758265172.3423018,1.0
1758265172.4020963,1.0
1758265172.460443,1.0
1758265172.5162845,1.0
1758265172.5788288,1.0
1758265172.6386447,1.0
1758265172.6982718,1.0
1758265172.756168,1.0
1758265172.7865837,1.0
1758265172.8055563,1.0
1758265172.8270059,1.0
1758265172.8452442,1.0
1758265172.8639967,1.0
1758265172.8827465,1.0
1758265172.9034636,1.0
1758265172.9222505,1.0
1758265172.9417145,1.0
1758265172.9649622,1.0
1758265172.9891624,1.0
1758265173.0088816,1.0
1758265173.0394433,1.0
1758265173.063465,1.0
1758265173.0832536,1.0
1758265173.104122,1.0
1758265173.1325006,1.0
1758265173.150683,1.0
1758265173.1690097,1.0
1758265173.1873658,1.0
1758265173.2222471,1.0
1758265173.2797604,1.0
1758265173.336462,1.0
1758265173.3914347,1.0
1758265173.44642,1.0
1758265173.5012226,1.0
1758265173.55845,1.0
1758265173.6153367,1.0
1758265173.6725178,1.0
1758265173.7296839,1.0
1758265173.7863414,1.0
1758265173.8436313,1.0
1758265173.9016526,1.0
1758265173.9591498,1.0
1758265174.0197465,1.0
1758265174.0792797,1.0
1758265174.1304584,1.0
1758265174.1869886,1.0
1758265174.2418153,1.0
1758265174.2989247,1.0
1758265174.3554742,1.0
1758265174.4125412,1.0
1758265174.471841,1.0
1758265174.5284812,1.0
1758265174.5864172,1.0
1758265174.6474898,1.0
1758265174.7089982,1.0
1758265174.7665029,1.0
1758265174.8208208,1.0
1758265174.8803174,1.0
1758265174.929563,1.0
1758265174.9713805,1.0
1758265175.0252073,1.0
1758265175.082783,1.0
1758265175.1426263,1.0
1758265175.2003517,1.0
1758265175.2595994,1.0
1758265175.315476,1.0
1758265175.3736753,1.0
1758265175.4252665,1.0
1758265175.446237,1.0
1758265175.498969,1.0
1758265175.5533867,1.0
1758265175.5908449,1.0
1758265175.6422982,1.0
1758265175.6640718,1.0
1758265175.7087514,1.0
1758265175.7325082,1.0
1758265175.7574325,1.0
1758265175.8099983,1.0
1758265175.873523,1.0
1758265175.9369116,1.0
1758265175.9963083,1.0
1758265176.0565543,1.0
1758265176.1193807,1.0
1758265176.1786513,1.0
1758265176.2415555,1.0
1758265176.3045173,1.0
1758265176.3657174,1.0
1758265176.4289274,1.0
1758265176.4918468,1.0
1758265176.5548515,1.0
1758265176.6167984,1.0
1758265176.6796849,1.0
1758265176.7423902,1.0
1758265176.8037605,1.0
1758265176.855457,1.0
1758265176.9104483,1.0
1758265176.9683805,1.0
1758265177.0252352,1.0
1758265177.0875068,1.0
1758265177.1463468,1.0
1758265177.2056057,1.0
1758265177.258188,1.0
1758265177.316238,1.0
1758265177.3763535,1.0
1758265177.4351714,1.0
1758265177.493578,1.0
1758265177.5307615,1.0
1758265177.5896022,1.0
1758265177.6476617,1.0
1758265177.6929796,1.0
1758265177.7313185,1.0
1758265177.7577186,1.0
1758265177.821477,1.0
1758265177.8843489,1.0
1758265177.9473307,1.0
1758265177.9953904,1.0
1758265178.0457587,1.0
1758265178.1010692,1.0
1758265178.1569858,1.0
1758265178.20577,1.0
1758265178.2592905,1.0
1758265178.316343,1.0
1758265178.3732285,1.0
1758265178.4302907,1.0
1758265178.4873025,1.0
1758265178.5451412,1.0
1758265178.601831,1.0
1758265178.6207588,1.0
1758265178.642963,1.0
1758265178.6832776,1.0
1758265178.7395587,1.0
1758265178.7931557,1.0
1758265178.8497872,1.0
1758265178.9107392,1.0
1758265178.9687276,1.0
1758265179.02963,1.0
1758265179.08846,1.0
1758265179.143937,1.0
1758265179.1997929,1.0
1758265179.2588465,1.0
1758265179.3155499,1.0
1758265179.348559,1.0
1758265179.4042401,1.0
1758265179.4416673,1.0
1758265179.4969888,1.0
1758265179.551594,1.0
1758265179.606564,1.0
1758265179.6626682,1.0
1758265179.7156396,1.0
1758265179.7721546,1.0
1758265179.8269696,1.0
1758265179.883233,1.0
1758265179.9392264,1.0
1758265179.9952927,1.0
1758265180.0523765,1.0
1758265180.1092508,1.0
1758265180.167636,1.0
1758265180.2200446,1.0
1758265180.2742543,1.0
1758265180.3238575,1.0
1758265180.3837748,1.0
1758265180.4474442,1.0
1758265180.5062454,1.0
1758265180.5692189,1.0
1758265180.6321313,1.0
1758265180.6942348,1.0
1758265180.75655,1.0
1758265180.8131435,1.0
1758265180.8710706,1.0
1758265180.9278026,1.0
1758265180.961406,1.0
1758265181.0280454,1.0
1758265181.086598,1.0
1758265181.1418383,1.0
1758265181.202306,1.0
1758265181.2589881,1.0
1758265181.3182697,1.0
1758265181.3668377,1.0
1758265181.4228942,1.0
1758265181.482913,1.0
1758265181.5436232,1.0
1758265181.6000125,1.0
1758265181.6543844,1.0
1758265181.7136886,1.0
1758265181.7726598,1.0
1758265181.8319116,1.0
1758265181.8943188,1.0
1758265181.9493012,1.0
1758265182.008177,1.0
1758265182.0726454,1.0
1758265182.1150696,1.0
1758265182.1388488,1.0
1758265182.1628537,1.0
1758265182.1868415,1.0
1758265182.2108397,1.0
1758265182.2376788,1.0
1758265182.256111,1.0
1758265182.2828538,1.0
1758265182.3052452,1.0
1758265182.3269148,1.0
1758265182.3539572,1.0
1758265182.3778527,1.0
1758265182.419405,1.0
1758265182.4497666,1.0
1758265182.498062,1.0
1758265182.525716,1.0
1758265182.5498445,1.0
1758265182.5738828,1.0
1758265182.5998108,1.0
1758265182.6247525,1.0
1758265182.6498566,1.0
1758265182.673714,1.0
1758265182.6952472,1.0
1758265182.717869,1.0
1758265182.741853,1.0
1758265182.7669873,1.0
1758265182.790837,1.0
1758265182.8138385,1.0
1758265182.8378386,1.0
1758265182.862832,1.0
1758265182.8882694,1.0
1758265182.916541,1.0
1758265182.9753842,1.0
1758265183.0220125,1.0
1758265183.0468354,1.0
1758265183.0736902,1.0
1758265183.0938878,1.0
1758265183.1178503,1.0
1758265183.1427991,1.0
1758265183.1678011,1.0
1758265183.1938531,1.0
1758265183.2176962,1.0
1758265183.242907,1.0
1758265183.2773688,1.0
1758265183.3370452,1.0
1758265183.3995576,1.0
1758265183.4627075,1.0
1758265183.5190136,1.0
1758265183.5390403,1.0
1758265183.5628529,1.0
1758265183.586853,1.0
1758265183.613833,1.0
1758265183.6378329,1.0
1758265183.6618402,1.0
1758265183.6877878,1.0
1758265183.7101166,1.0
1758265183.737677,1.0
1758265183.7561495,1.0
1758265183.7792163,1.0
1758265183.802911,1.0
1758265183.8258448,1.0
1758265183.8536887,1.0
1758265183.8721528,1.0
1758265183.8978639,1.0
1758265183.9228463,1.0
1758265183.9430742,1.0
1758265183.9657261,1.0
1758265183.9936922,1.0
1758265184.0206325,1.0
1758265184.0428634,1.0
1758265184.0668359,1.0
1758265184.0936933,1.0
1758265184.1178396,1.0
1758265184.145686,1.0
1758265184.1708221,1.0
1758265184.1977065,1.0
1758265184.225688,1.0
1758265184.244153,1.0
1758265184.269854,1.0
1758265184.2944689,1.0
1758265184.3144867,1.0
1758265184.3378534,1.0
1758265184.362828,1.0
1758265184.3881798,1.0
1758265184.4137027,1.0
1758265184.4388103,1.0
1758265184.465843,1.0
1758265184.491871,1.0
1758265184.530424,1.0
1758265184.5692213,1.0
1758265184.596667,1.0
1758265184.649673,1.0
1758265184.7092566,1.0
1758265184.770081,1.0
1758265184.8330998,1.0
1758265184.8959718,1.0
1758265184.9571357,1.0
1758265185.0187454,1.0
1758265185.0617242,1.0
1758265185.0859213,1.0
1758265185.125674,1.0
1758265185.1577003,1.0
1758265185.1818883,1.0
1758265185.2058954,1.0
1758265185.2298932,1.0
1758265185.257513,1.0
1758265185.2849832,1.0
1758265185.3035893,1.0
1758265185.3225658,1.0
1758265185.3442109,1.0
1758265185.3630707,1.0
1758265185.3820198,1.0
1758265185.4024282,1.0
1758265185.4212375,1.0
1758265185.4400868,1.0
1758265185.460145,1.0
1758265185.4797568,1.0
1758265185.5303586,1.0
1758265185.5586216,1.0
1758265185.6052747,1.0
1758265185.6681566,1.0
1758265185.7299562,1.0
1758265185.7887604,1.0
1758265185.844643,1.0
1758265185.9018738,1.0
1758265185.9594524,1.0
1758265186.0256002,1.0
1758265186.0820673,1.0
1758265186.1382143,1.0
1758265186.1942441,1.0
1758265186.2517688,1.0
1758265186.3109868,1.0
1758265186.364014,1.0
1758265186.4274113,1.0
1758265186.4904149,1.0
1758265186.5534139,1.0
1758265186.6164122,1.0
1758265186.6796067,1.0
1758265186.7428296,1.0
1758265186.8061235,1.0
1758265186.8624215,1.0
1758265186.9214659,1.0
1758265186.9801526,1.0
1758265187.0308425,1.0
1758265187.0757165,1.0
1758265187.1387715,1.0
1758265187.2020082,1.0
1758265187.265058,1.0
1758265187.32689,1.0
1758265187.3899126,1.0
1758265187.4527366,1.0
1758265187.5105531,1.0
1758265187.573896,1.0
1758265187.6368792,1.0
1758265187.6997933,1.0
1758265187.7547195,1.0
1758265187.7734087,1.0
1758265187.7926233,1.0
1758265187.8171847,1.0
1758265187.8804896,1.0
1758265187.9347932,1.0
1758265187.9758558,1.0
1758265188.0141094,1.0
1758265188.0392919,1.0
1758265188.0581865,1.0
1758265188.0770977,1.0
1758265188.0958214,1.0
1758265188.1144254,1.0
1758265188.1332862,1.0
1758265188.15182,1.0
1758265188.170471,1.0
1758265188.1893494,1.0
1758265188.208114,1.0
1758265188.2296512,1.0
1758265188.2488608,1.0
1758265188.2677946,1.0
1758265188.2896411,1.0
1758265188.3341846,1.0
1758265188.391006,1.0
1758265188.4140842,1.0
1758265188.43283,1.0
1758265188.4521203,1.0
1758265188.47142,1.0
1758265188.4899263,1.0
1758265188.5085635,1.0
1758265188.5274923,1.0
1758265188.5460916,1.0
1758265188.567592,1.0
1758265188.586925,1.0
1758265188.6058984,1.0
1758265188.6245615,1.0
1758265188.6434326,1.0
1758265188.6643088,1.0
1758265188.6837993,1.0
1758265188.7053416,1.0
1758265188.7238042,1.0
1758265188.7483442,1.0
1758265188.7667737,1.0
1758265188.7851837,1.0
1758265188.8042245,1.0
1758265188.8227975,1.0
1758265188.8413386,1.0
1758265188.8598254,1.0
1758265188.878292,1.0
1758265188.8969624,1.0
1758265188.915465,1.0
1758265188.9339993,1.0
1758265188.953292,1.0
1758265188.973766,1.0
1758265188.997507,1.0
1758265189.0242112,1.0
1758265189.0435598,1.0
1758265189.068764,1.0
1758265189.0988104,1.0
1758265189.1466038,1.0
1758265189.2072542,1.0
1758265189.2523987,1.0
1758265189.2720122,1.0
1758265189.2919164,1.0
1758265189.3118756,1.0
1758265189.3315618,1.0
1758265189.3526363,1.0
1758265189.3720186,1.0
1758265189.3919103,1.0
1758265189.4127676,1.0
1758265189.4317546,1.0
1758265189.4546542,1.0
1758265189.4742997,1.0
1758265189.4959471,1.0
1758265189.5145028,1.0
1758265189.5334473,1.0
1758265189.5528305,1.0
1758265189.5715947,1.0
1758265189.5915067,1.0
1758265189.611361,1.0
1758265189.6300976,1.0
1758265189.650957,1.0
1758265189.6697514,1.0
1758265189.6919367,1.0
1758265189.7123928,1.0
1758265189.731755,1.0
1758265189.752191,1.0
1758265189.7721856,1.0
1758265189.7929113,1.0
1758265189.8125808,1.0
1758265189.835068,1.0
1758265189.854427,1.0
1758265189.8748198,1.0
1758265189.8942525,1.0
1758265189.9136348,1.0
1758265189.9333918,1.0
1758265189.9526477,1.0
1758265189.9716542,1.0
1758265189.991039,1.0
1758265190.0154076,1.0
1758265190.034817,1.0
1758265190.0543816,1.0
1758265190.074035,1.0
1758265190.0946462,1.0
1758265190.115104,1.0
1758265190.134638,1.0
1758265190.1543672,1.0
1758265190.1741192,1.0
1758265190.1947827,1.0
1758265190.2143526,1.0
1758265190.2341576,1.0
1758265190.254881,1.0
1758265190.2743926,1.0
1758265190.2941232,1.0
1758265190.3141744,1.0
1758265190.3338685,1.0
1758265190.3536327,1.0
1758265190.3763516,1.0
1758265190.3973129,1.0
1758265190.4164736,1.0
1758265190.4369173,1.0
1758265190.4564297,1.0
1758265190.4763765,1.0
1758265190.495968,1.0
1758265190.5148916,1.0
1758265190.5357587,1.0
1758265190.555288,1.0
1758265190.5754128,1.0
1758265190.5941234,1.0
1758265190.6146393,1.0
1758265190.6342688,1.0
1758265190.6550786,1.0
1758265190.6746814,1.0
1758265190.6966128,1.0
1758265190.7161524,1.0
1758265190.7361836,1.0
1758265190.7559583,1.0
1758265190.775305,1.0
1758265190.7972171,1.0
1758265190.8168004,1.0
1758265190.8367352,1.0
1758265190.8565311,1.0
1758265190.8777487,1.0
1758265190.897616,1.0
1758265190.9169912,1.0
1758265190.9356775,1.0
1758265190.9556653,1.0
1758265190.9751947,1.0
1758265190.9951653,1.0
1758265191.014662,1.0
1758265191.0343418,1.0
1758265191.054005,1.0
1758265191.0736697,1.0
1758265191.09329,1.0
1758265191.112809,1.0
1758265191.1326013,1.0
1758265191.1550162,1.0
1758265191.1753216,1.0
1758265191.1949508,1.0
1758265191.2157576,1.0
1758265191.235805,1.0
1758265191.255436,1.0
1758265191.2750528,1.0
1758265191.2951257,1.0
1758265191.3159766,1.0
1758265191.3358202,1.0
1758265191.356115,1.0
1758265191.3757756,1.0
1758265191.397105,1.0
1758265191.416729,1.0
1758265191.4533875,1.0
1758265191.484923,1.0
1758265191.5050895,1.0
1758265191.5254097,1.0
1758265191.5449119,1.0
1758265191.5653105,1.0
1758265191.5845103,1.0
1758265191.6043968,1.0
1758265191.6257467,1.0
1758265191.6448388,1.0
1758265191.6646094,1.0
1758265191.6863704,1.0
1758265191.706532,1.0
1758265191.726366,1.0
1758265191.7470617,1.0
1758265191.7670074,1.0
1758265191.7868052,1.0
1758265191.805679,1.0
1758265191.825585,1.0
1758265191.846295,1.0
1758265191.8662279,1.0
1758265191.885516,1.0
1758265191.9069266,1.0
1758265191.9270914,1.0
1758265191.9470766,1.0
1758265191.9667504,1.0
1758265191.9869134,1.0
1758265192.0076268,1.0
1758265192.0268185,1.0
1758265192.046591,1.0
1758265192.0669637,1.0
1758265192.0865014,1.0
1758265192.106167,1.0
1758265192.1261396,1.0
1758265192.145892,1.0
1758265192.1657135,1.0
1758265192.185395,1.0
1758265192.2052498,1.0
1758265192.224744,1.0
1758265192.2459354,1.0
1758265192.2682934,1.0
1758265192.2894015,1.0
1758265192.3087704,1.0
1758265192.3295507,1.0
1758265192.3488345,1.0
1758265192.3676012,1.0
1758265192.3889024,1.0
1758265192.408466,1.0
1758265192.4272323,1.0
1758265192.44759,1.0
1758265192.4679172,1.0
1758265192.4875934,1.0
1758265192.5069282,1.0
1758265192.526531,1.0
1758265192.5470352,1.0
1758265192.5672312,1.0
1758265192.586583,1.0
1758265192.6068778,1.0
1758265192.6272187,1.0
1758265192.6463914,1.0
1758265192.6662374,1.0
1758265192.6906974,1.0
1758265192.7107801,1.0
1758265192.7314847,1.0
1758265192.7512333,1.0
1758265192.7706811,1.0
1758265192.7935982,1.0
1758265192.8133783,1.0
1758265192.8325934,1.0
1758265192.8524654,1.0
1758265192.872132,1.0
1758265192.8914003,1.0
1758265192.9110005,1.0
1758265192.9316273,1.0
1758265192.951882,1.0
1758265192.9716344,1.0
1758265192.9916613,1.0
1758265193.011057,1.0
1758265193.0304775,1.0
1758265193.049945,1.0
1758265193.0707166,1.0
1758265193.090462,1.0
1758265193.109989,1.0
1758265193.130003,1.0
1758265193.1495492,1.0
1758265193.1693015,1.0
1758265193.1889117,1.0
1758265193.2081897,1.0
1758265193.228669,1.0
1758265193.263551,1.0
1758265193.28949,1.0
1758265193.3095455,1.0
1758265193.3303142,1.0
1758265193.3508692,1.0
1758265193.3823416,1.0
1758265193.4461915,1.0
1758265193.5151904,1.0
1758265193.573643,1.0
1758265193.6372664,1.0
1758265193.6957242,1.0
1758265193.754862,1.0
1758265193.813838,1.0
1758265193.8723743,1.0
1758265193.9303164,1.0
1758265193.9879992,1.0
1758265194.048972,1.0
1758265194.1070013,1.0
1758265194.1656985,1.0
1758265194.2240407,1.0
1758265194.2825124,1.0
1758265194.3418517,1.0
1758265194.4017324,1.0
1758265194.458877,1.0
1758265194.5235372,1.0
1758265194.5863204,1.0
1758265194.648732,1.0
1758265194.7090504,1.0
1758265194.7713296,1.0
1758265194.833445,1.0
1758265194.8972769,1.0
1758265194.959595,1.0
1758265195.0226407,1.0
1758265195.086355,1.0
1758265195.1495616,1.0
1758265195.2133691,1.0
1758265195.2766728,1.0
1758265195.3405333,1.0
1758265195.4036717,1.0
1758265195.4674845,1.0
1758265195.5305867,1.0
1758265195.5941746,1.0
1758265195.657378,1.0
1758265195.7204201,1.0
1758265195.7813141,1.0
1758265195.8370233,1.0
1758265195.8969305,1.0
1758265195.956499,1.0
1758265196.017293,1.0
1758265196.0771384,1.0
1758265196.125731,1.0
1758265196.1731474,1.0
1758265196.1952634,1.0
1758265196.216904,1.0
1758265196.2428813,1.0
1758265196.298618,1.0
1758265196.3599045,1.0
1758265196.4224591,1.0
1758265196.483741,1.0
1758265196.5444639,1.0
1758265196.5663717,1.0
1758265196.623771,1.0
1758265196.67827,1.0
1758265196.7344215,1.0
1758265196.7724915,1.0
1758265196.8021863,1.0
1758265196.8544855,1.0
1758265196.9081292,1.0
1758265196.9720826,1.0
1758265197.0363402,1.0
1758265197.0944655,1.0
1758265197.1534846,1.0
1758265197.2132761,1.0
1758265197.2696412,1.0
1758265197.324803,1.0
1758265197.3822522,1.0
1758265197.436987,1.0
1758265197.4956403,1.0
1758265197.5543168,1.0
1758265197.6197515,1.0
1758265197.6730368,1.0
1758265197.7329931,1.0
1758265197.7906737,1.0
1758265197.8518157,1.0
1758265197.9090564,1.0
1758265197.9521058,1.0
1758265198.0100942,1.0
1758265198.0707552,1.0
1758265198.130371,1.0
1758265198.190293,1.0
1758265198.2223992,1.0
1758265198.262602,1.0
1758265198.2901545,1.0
1758265198.3338256,1.0
1758265198.3585393,1.0
1758265198.382356,1.0
1758265198.4072895,1.0
1758265198.4315832,1.0
1758265198.4521544,1.0
1758265198.487236,1.0
1758265198.54661,1.0
1758265198.5973914,1.0
1758265198.657671,1.0
1758265198.7193758,1.0
1758265198.7690437,1.0
1758265198.823991,1.0
1758265198.8854623,1.0
1758265198.9364636,1.0
1758265198.9941218,1.0
1758265199.05567,1.0
1758265199.106782,1.0
1758265199.162981,1.0
1758265199.2244775,1.0
1758265199.2758408,1.0
1758265199.3379283,1.0
1758265199.3947022,1.0
1758265199.436777,1.0
1758265199.494483,1.0
1758265199.5512533,1.0
1758265199.6075284,1.0
1758265199.6633954,1.0
1758265199.725359,1.0
1758265199.7893794,1.0
1758265199.8530202,1.0
1758265199.9167573,1.0
1758265199.9802718,1.0
1758265200.0434635,1.0
1758265200.1072085,1.0
1758265200.1677294,1.0
1758265200.2272594,1.0
1758265200.279535,1.0
1758265200.334308,1.0
1758265200.3891973,1.0
1758265200.444557,1.0
1758265200.5005026,1.0
1758265200.5569234,1.0
1758265200.6130543,1.0
1758265200.669313,1.0
1758265200.7253244,1.0
1758265200.7814229,1.0
1758265200.8375583,1.0
1758265200.8941414,1.0
1758265200.9490647,1.0
1758265201.0176356,1.0
1758265201.0787942,1.0
1758265201.1336591,1.0
1758265201.1859329,1.0
1758265201.24131,1.0
1758265201.3009548,1.0
1758265201.3609366,1.0
1758265201.4203608,1.0
1758265201.4836938,1.0
1758265201.5445712,1.0
1758265201.6067953,1.0
1758265201.666132,1.0
1758265201.7248862,1.0
1758265201.7853453,1.0
1758265201.8470392,1.0
1758265201.901074,1.0
1758265201.9626958,1.0
1758265202.0226321,1.0
1758265202.0799544,1.0
1758265202.1414924,1.0
1758265202.1963656,1.0
1758265202.2550147,1.0
1758265202.3131537,1.0
1758265202.3722508,1.0
1758265202.431535,1.0
1758265202.4913824,1.0
1758265202.5501785,1.0
1758265202.6101077,1.0
1758265202.6710255,1.0
1758265202.7317843,1.0
1758265202.7916732,1.0
1758265202.8516924,1.0
1758265202.9075239,1.0
1758265202.9668164,1.0
1758265203.0262563,1.0
1758265203.0823545,1.0
1758265203.1450658,1.0
1758265203.207932,1.0
1758265203.2660189,1.0
1758265203.327367,1.0
1758265203.3875208,1.0
1758265203.4353807,1.0
1758265203.4866712,1.0
1758265203.538475,1.0
1758265203.5927463,1.0
1758265203.6494954,1.0
1758265203.6991944,1.0
1758265203.7542036,1.0
1758265203.80968,1.0
1758265203.8674312,1.0
1758265203.916529,1.0
1758265203.9662735,1.0
1758265204.0296388,1.0
1758265204.0925376,1.0
1758265204.155405,1.0
1758265204.218542,1.0
1758265204.2798314,1.0
1758265204.342861,1.0
1758265204.405645,1.0
1758265204.466254,1.0
1758265204.5299904,1.0
1758265204.5933435,1.0
1758265204.6376557,1.0
1758265204.6998365,1.0
1758265204.7582772,1.0
1758265204.8216624,1.0
1758265204.8826816,1.0
1758265204.9458063,1.0
1758265205.0087037,1.0
1758265205.071982,1.0
1758265205.1331828,1.0
1758265205.1857042,1.0
1758265205.2529252,1.0
1758265205.3161938,1.0
1758265205.3779926,1.0
1758265205.4400697,1.0
1758265205.499341,1.0
1758265205.5558457,1.0
1758265205.611765,1.0
1758265205.6678607,1.0
1758265205.7209907,1.0
1758265205.7772005,1.0
1758265205.8320787,1.0
1758265205.8893511,1.0
1758265205.915688,1.0
1758265205.9342268,1.0
1758265205.9637008,1.0
1758265206.0203338,1.0
1758265206.0784223,1.0
1758265206.1363482,1.0
1758265206.1932101,1.0
1758265206.245496,1.0
1758265206.2993376,1.0
1758265206.3520496,1.0
1758265206.3982298,1.0
1758265206.460547,1.0
1758265206.5064552,1.0
1758265206.5489252,1.0
1758265206.6055942,1.0
1758265206.6653872,1.0
1758265206.724091,1.0
1758265206.7868037,1.0
1758265206.8347764,1.0
1758265206.8601344,1.0
1758265206.914521,1.0
1758265206.9568124,1.0
1758265207.0185404,1.0
1758265207.0814989,1.0
1758265207.1123846,1.0
1758265207.1310732,1.0
1758265207.1512816,1.0
1758265207.1697009,1.0
1758265207.189672,1.0
1758265207.2225575,1.0
1758265207.2566957,1.0
1758265207.3151917,1.0
1758265207.378023,1.0
1758265207.44083,1.0
1758265207.5083094,1.0
1758265207.565776,1.0
1758265207.628927,1.0
1758265207.6906242,1.0
1758265207.75193,1.0
1758265207.8149216,1.0
1758265207.8777707,1.0
1758265207.9386723,1.0
1758265208.0005496,1.0
1758265208.0633519,1.0
1758265208.1261847,1.0
1758265208.1890755,1.0
1758265208.2501752,1.0
1758265208.302358,1.0
1758265208.363552,1.0
1758265208.426606,1.0
1758265208.4893901,1.0
1758265208.5509033,1.0
1758265208.5962358,1.0
1758265208.645201,1.0
1758265208.7079403,1.0
1758265208.7701447,1.0
1758265208.8163946,1.0
1758265208.8798783,1.0
1758265208.9426992,1.0
1758265209.0034547,1.0
1758265209.0639083,1.0
1758265209.1213791,1.0
1758265209.1802104,1.0
1758265209.2248616,1.0
1758265209.2744424,1.0
1758265209.3256729,1.0
1758265209.3643615,1.0
1758265209.3979883,1.0
1758265209.4467301,1.0
1758265209.5060205,1.0
1758265209.5635743,1.0
1758265209.6229203,1.0
1758265209.681094,1.0
1758265209.738329,1.0
1758265209.8012176,1.0
1758265209.854008,1.0
1758265209.9158936,1.0
1758265209.9744744,1.0
1758265210.0376084,1.0
1758265210.0934415,1.0
1758265210.1521096,1.0
1758265210.2072172,1.0
1758265210.2691915,1.0
1758265210.3320963,1.0
1758265210.3946784,1.0
1758265210.4577816,1.0
1758265210.5205338,1.0
1758265210.5834198,1.0
1758265210.64632,1.0
1758265210.708729,1.0
1758265210.7710996,1.0
1758265210.8339605,1.0
1758265210.8969421,1.0
1758265210.9587696,1.0
1758265211.021589,1.0
1758265211.0845978,1.0
1758265211.1473756,1.0
1758265211.210337,1.0
1758265211.2732408,1.0
1758265211.3361492,1.0
1758265211.3989525,1.0
1758265211.4607315,1.0
1758265211.515518,1.0
1758265211.5705166,1.0
1758265211.6258097,1.0
1758265211.6819034,1.0
1758265211.7384894,1.0
1758265211.7948487,1.0
1758265211.8511746,1.0
1758265211.9073381,1.0
1758265211.9626837,1.0
1758265212.018777,1.0
1758265212.0769048,1.0
1758265212.1353834,1.0
1758265212.1872125,1.0
1758265212.2321208,1.0
1758265212.2890785,1.0
1758265212.345362,1.0
1758265212.4020262,1.0
1758265212.4593282,1.0
1758265212.5183012,1.0
1758265212.5753758,1.0
1758265212.633346,1.0
1758265212.69246,1.0
1758265212.7483444,1.0
1758265212.8044887,1.0
1758265212.861532,1.0
1758265212.9196255,1.0
1758265212.9624102,1.0
1758265213.020087,1.0
1758265213.067304,1.0
1758265213.1221154,1.0
1758265213.1770215,1.0
1758265213.2325726,1.0
1758265213.2886605,1.0
1758265213.3449097,1.0
1758265213.401209,1.0
1758265213.457506,1.0
1758265213.5138884,1.0
1758265213.568855,1.0
1758265213.624964,1.0
1758265213.6792283,1.0
1758265213.7362971,1.0
1758265213.7953663,1.0
1758265213.8473163,1.0
1758265213.8936474,1.0
1758265213.947103,1.0
1758265213.9919071,1.0
1758265214.051853,1.0
1758265214.1098673,1.0
1758265214.1669064,1.0
1758265214.2268686,1.0
1758265214.2838254,1.0
1758265214.3433099,1.0
1758265214.403259,1.0
1758265214.4629335,1.0
1758265214.5217712,1.0
1758265214.578887,1.0
1758265214.639775,1.0
1758265214.6980703,1.0
1758265214.7582896,1.0
1758265214.8193629,1.0
1758265214.8792596,1.0
1758265214.938293,1.0
1758265214.9933422,1.0
1758265215.0583644,1.0
1758265215.1120186,1.0
1758265215.1709049,1.0
1758265215.2297578,1.0
1758265215.2890596,1.0
1758265215.3485572,1.0
1758265215.4085598,1.0
1758265215.4680426,1.0
1758265215.5256782,1.0
1758265215.584161,1.0
1758265215.642857,1.0
1758265215.702788,1.0
1758265215.76456,1.0
1758265215.82783,1.0
1758265215.8906317,1.0
1758265215.95349,1.0
1758265216.0156708,1.0
1758265216.0783806,1.0
1758265216.1413245,1.0
1758265216.2043128,1.0
1758265216.2672942,1.0
1758265216.3307326,1.0
1758265216.3930213,1.0
1758265216.4559605,1.0
1758265216.5189264,1.0
1758265216.5758643,1.0
1758265216.6370673,1.0
1758265216.6951513,1.0
1758265216.7579687,1.0
1758265216.8205996,1.0
1758265216.8833165,1.0
1758265216.945029,1.0
1758265217.0068357,1.0
1758265217.0674746,1.0
1758265217.1266613,1.0
1758265217.186413,1.0
1758265217.2359173,1.0
1758265217.2548172,1.0
1758265217.2756085,1.0
1758265217.300311,1.0
1758265217.3259382,1.0
1758265217.355329,1.0
1758265217.3804047,1.0
1758265217.4168801,1.0
1758265217.4352648,1.0
1758265217.4538255,1.0
1758265217.4901843,1.0
1758265217.5512295,1.0
1758265217.6142888,1.0
1758265217.6737974,1.0
1758265217.7326841,1.0
1758265217.794984,1.0
1758265217.855596,1.0
1758265217.914716,1.0
1758265217.97838,1.0
1758265218.0401154,1.0
1758265218.1036687,1.0
1758265218.1668673,1.0
1758265218.2294464,1.0
1758265218.292736,1.0
1758265218.3557765,1.0
1758265218.4188833,1.0
1758265218.481913,1.0
1758265218.545169,1.0
1758265218.6083949,1.0
1758265218.671519,1.0
1758265218.7344801,1.0
1758265218.7975018,1.0
1758265218.8594124,1.0
1758265218.9224753,1.0
1758265218.9855182,1.0
1758265219.0480196,1.0
1758265219.1112022,1.0
1758265219.1745024,1.0
1758265219.2377067,1.0
1758265219.3007975,1.0
1758265219.3642554,1.0
1758265219.4182355,1.0
1758265219.4816341,1.0
1758265219.5447075,1.0
1758265219.607973,1.0
1758265219.6546962,1.0
1758265219.6736753,1.0
1758265219.6953561,1.0
1758265219.721158,1.0
1758265219.7798734,1.0
1758265219.838309,1.0
1758265219.8891768,1.0
1758265219.907653,1.0
1758265219.9377887,1.0
1758265219.9893913,1.0
1758265220.009987,1.0
1758265220.0319016,1.0
1758265220.070061,1.0
1758265220.1143467,1.0
1758265220.1442025,1.0
1758265220.1801093,1.0
1758265220.2395005,1.0
1758265220.3001163,1.0
1758265220.3330345,1.0
1758265220.391896,1.0
1758265220.4448814,1.0
1758265220.5047872,1.0
1758265220.562577,1.0
1758265220.6209595,1.0
1758265220.6743054,1.0
1758265220.732943,1.0
1758265220.792821,1.0
1758265220.8509643,1.0
1758265220.91079,1.0
1758265220.9710298,1.0
1758265221.034799,1.0
1758265221.0899665,1.0
1758265221.1437726,1.0
1758265221.194319,1.0
1758265221.247657,1.0
1758265221.310511,1.0
1758265221.373363,1.0
1758265221.4348447,1.0
1758265221.4992268,1.0
1758265221.5580146,1.0
1758265221.6154063,1.0
1758265221.6747296,1.0
1758265221.7302837,1.0
1758265221.7911859,1.0
1758265221.8459187,1.0
1758265221.909266,1.0
1758265221.9754977,1.0
1758265222.0062919,1.0
1758265222.0302818,1.0
1758265222.0546515,1.0
1758265222.0794947,1.0
1758265222.103796,1.0
1758265222.123366,1.0
1758265222.151365,1.0
1758265222.2142663,1.0
1758265222.2707825,1.0
1758265222.3196461,1.0
1758265222.3725634,1.0
1758265222.4279625,1.0
1758265222.4844239,1.0
1758265222.541516,1.0
1758265222.600894,1.0
1758265222.6580408,1.0
1758265222.7151368,1.0
1758265222.7702875,1.0
1758265222.827769,1.0
1758265222.8863745,1.0
1758265222.9335945,1.0
1758265222.9914768,1.0
1758265223.0485985,1.0
1758265223.1128273,1.0
1758265223.1652367,1.0
1758265223.2228513,1.0
1758265223.288137,1.0
1758265223.3448355,1.0
1758265223.3969102,1.0
1758265223.456166,1.0
1758265223.5005777,1.0
1758265223.565883,1.0
1758265223.6168602,1.0
1758265223.6719992,1.0
1758265223.730569,1.0
1758265223.7884593,1.0
1758265223.8458056,1.0
1758265223.9029822,1.0
1758265223.9601686,1.0
1758265224.0174735,1.0
1758265224.075204,1.0
1758265224.134573,1.0
1758265224.194238,1.0
1758265224.2458682,1.0
1758265224.3057313,1.0
1758265224.3674307,1.0
1758265224.4271977,1.0
1758265224.481966,1.0
1758265224.542899,1.0
1758265224.6043522,1.0
1758265224.665432,1.0
1758265224.7223306,1.0
1758265224.7864554,1.0
1758265224.8495395,1.0
1758265224.9128897,1.0
1758265224.9757426,1.0
1758265225.0387766,1.0
1758265225.1017377,1.0
1758265225.1646802,1.0
1758265225.2270641,1.0
1758265225.2891273,1.0
1758265225.3521771,1.0
1758265225.414903,1.0
1758265225.4778743,1.0
1758265225.5405798,1.0
1758265225.6034524,1.0
1758265225.6663496,1.0
1758265225.7293122,1.0
1758265225.7906456,1.0
1758265225.8535626,1.0
1758265225.9162323,1.0
1758265225.9789681,1.0
1758265226.0417964,1.0
1758265226.1035707,1.0
1758265226.163031,1.0
1758265226.224431,1.0
1758265226.2827168,1.0
1758265226.341692,1.0
1758265226.4006062,1.0
1758265226.4603212,1.0
1758265226.5191984,1.0
1758265226.5780952,1.0
1758265226.6381137,1.0
1758265226.6916387,1.0
1758265226.7481296,1.0
1758265226.8079154,1.0
1758265226.8621712,1.0
1758265226.9129739,1.0
1758265226.9699903,1.0
1758265227.0287097,1.0
1758265227.088292,1.0
1758265227.1472695,1.0
1758265227.2078986,1.0
1758265227.2677011,1.0
1758265227.3316283,1.0
1758265227.400203,1.0
1758265227.4583435,1.0
1758265227.5275152,1.0
1758265227.5849633,1.0
1758265227.6479785,1.0
1758265227.7110417,1.0
1758265227.7727869,1.0
1758265227.8218355,1.0
1758265227.878243,1.0
1758265227.935193,1.0
1758265227.9935138,1.0
1758265228.0507524,1.0
1758265228.1078765,1.0
1758265228.1648965,1.0
1758265228.222077,1.0
1758265228.279658,1.0
1758265228.337273,1.0
1758265228.3987794,1.0
1758265228.4543407,1.0
1758265228.5115862,1.0
1758265228.5737815,1.0
1758265228.6367173,1.0
1758265228.6996388,1.0
1758265228.7623308,1.0
1758265228.8253791,1.0
1758265228.8832676,1.0
1758265228.946222,1.0
1758265229.0092921,1.0
1758265229.0723708,1.0
1758265229.1338403,1.0
1758265229.1947043,1.0
1758265229.2577708,1.0
1758265229.3207245,1.0
1758265229.3835907,1.0
1758265229.44143,1.0
1758265229.5044193,1.0
1758265229.567479,1.0
1758265229.5900416,1.0
1758265229.6085148,1.0
1758265229.6269767,1.0
1758265229.645305,1.0
1758265229.6637268,1.0
1758265229.6852694,1.0
1758265229.7037315,1.0
1758265229.7222087,1.0
1758265229.7411797,1.0
1758265229.7633774,1.0
1758265229.7913299,1.0
1758265229.8408172,1.0
1758265229.9036677,1.0
1758265229.9632971,1.0
1758265230.0261278,1.0
1758265230.089045,1.0
1758265230.1516476,1.0
1758265230.2145307,1.0
1758265230.277655,1.0
1758265230.3384094,1.0
1758265230.4017735,1.0
1758265230.4647717,1.0
1758265230.527364,1.0
1758265230.5902553,1.0
1758265230.653218,1.0
1758265230.7163844,1.0
1758265230.7795606,1.0
1758265230.8425963,1.0
1758265230.9034758,1.0
1758265230.9666567,1.0
1758265231.0297382,1.0
1758265231.092792,1.0
1758265231.1558347,1.0
1758265231.2186718,1.0
1758265231.281657,1.0
1758265231.3447654,1.0
1758265231.4072928,1.0
1758265231.470302,1.0
1758265231.53355,1.0
1758265231.5950952,1.0
1758265231.6582248,1.0
1758265231.7213423,1.0
1758265231.7842143,1.0
1758265231.846851,1.0
1758265231.9097571,1.0
1758265231.972783,1.0
1758265232.0359554,1.0
1758265232.0988257,1.0
1758265232.1618197,1.0
1758265232.2210827,1.0
1758265232.2840886,1.0
1758265232.3471377,1.0
1758265232.4060035,1.0
1758265232.4618707,1.0
1758265232.4898784,1.0
1758265232.5428505,1.0
1758265232.5977027,1.0
1758265232.6505532,1.0
1758265232.681696,1.0
1758265232.7040756,1.0
1758265232.7336783,1.0
1758265232.7578535,1.0
1758265232.7896883,1.0
1758265232.8171024,1.0
1758265232.87424,1.0
1758265232.9314728,1.0
1758265232.9868622,1.0
1758265233.026817,1.0
1758265233.0578506,1.0
1758265233.0819106,1.0
1758265233.106864,1.0
1758265233.1376815,1.0
1758265233.1618717,1.0
1758265233.1858807,1.0
1758265233.2098846,1.0
1758265233.2338805,1.0
1758265233.2691495,1.0
1758265233.309819,1.0
1758265233.3338883,1.0
1758265233.3578851,1.0
1758265233.381888,1.0
1758265233.405899,1.0
1758265233.4298964,1.0
1758265233.4538858,1.0
1758265233.4778812,1.0
1758265233.5158854,1.0
1758265233.5752802,1.0
1758265233.6300137,1.0
1758265233.689545,1.0
1758265233.7463777,1.0
1758265233.8011007,1.0
1758265233.8619087,1.0
1758265233.9089315,1.0
1758265233.9662657,1.0
1758265233.9938395,1.0
1758265234.030087,1.0
1758265234.0851834,1.0
1758265234.1406918,1.0
1758265234.1886578,1.0
1758265234.245968,1.0
1758265234.3029456,1.0
1758265234.35989,1.0
1758265234.4169424,1.0
1758265234.473994,1.0
1758265234.5265646,1.0
1758265234.5576725,1.0
1758265234.581856,1.0
1758265234.6058695,1.0
1758265234.6298778,1.0
1758265234.653875,1.0
1758265234.6815424,1.0
1758265234.734342,1.0
1758265234.7968516,1.0
1758265234.8217285,1.0
1758265234.8458877,1.0
1758265234.8698864,1.0
1758265234.893893,1.0
1758265234.9178824,1.0
1758265234.9491248,1.0
1758265234.9738784,1.0
1758265235.009753,1.0
1758265235.0379164,1.0
1758265235.0928266,1.0
1758265235.1517494,1.0
1758265235.2111528,1.0
1758265235.2710454,1.0
1758265235.3300443,1.0
1758265235.3894193,1.0
1758265235.4493368,1.0
1758265235.5089958,1.0
1758265235.568251,1.0
1758265235.6274567,1.0
1758265235.6862888,1.0
1758265235.7432442,1.0
1758265235.801529,1.0
1758265235.8628979,1.0
1758265235.9253364,1.0
1758265235.984835,1.0
1758265236.045334,1.0
1758265236.1043324,1.0
1758265236.1629148,1.0
1758265236.2222738,1.0
1758265236.2499542,1.0
1758265236.3098817,1.0
1758265236.368964,1.0
1758265236.428198,1.0
1758265236.4822776,1.0
1758265236.5398476,1.0
1758265236.5995746,1.0
1758265236.6582904,1.0
1758265236.7177727,1.0
1758265236.7782772,1.0
1758265236.837705,1.0
1758265236.8995402,1.0
1758265236.959134,1.0
1758265237.0210004,1.0
1758265237.0803673,1.0
1758265237.1179097,1.0
1758265237.1637738,1.0
1758265237.225845,1.0
1758265237.2870264,1.0
1758265237.3341215,1.0
1758265237.3616896,1.0
1758265237.3858898,1.0
1758265237.409883,1.0
1758265237.433894,1.0
1758265237.4578903,1.0
1758265237.5154045,1.0
1758265237.5766792,1.0
1758265237.635064,1.0
1758265237.683648,1.0
1758265237.7446887,1.0
1758265237.7949839,1.0
1758265237.850608,1.0
1758265237.9192667,1.0
1758265237.9773333,1.0
1758265238.040163,1.0
1758265238.1038005,1.0
1758265238.1668336,1.0
1758265238.2286294,1.0
1758265238.2832835,1.0
1758265238.340457,1.0
1758265238.3894436,1.0
1758265238.44003,1.0
1758265238.4600756,1.0
1758265238.4810658,1.0
1758265238.4997253,1.0
1758265238.5184004,1.0
1758265238.5372474,1.0
1758265238.5559125,1.0
1758265238.5747979,1.0
1758265238.5937722,1.0
1758265238.6132846,1.0
1758265238.6324737,1.0
1758265238.6569865,1.0
1758265238.6803327,1.0
1758265238.7050455,1.0
1758265238.7312455,1.0
1758265238.7545016,1.0
1758265238.7774813,1.0
1758265238.7975097,1.0
1758265238.818902,1.0
1758265238.8417385,1.0
1758265238.8983517,1.0
1758265238.9614131,1.0
1758265239.0222344,1.0
1758265239.0799878,1.0
1758265239.1410336,1.0
1758265239.204027,1.0
1758265239.2649531,1.0
1758265239.3276353,1.0
1758265239.3905463,1.0
1758265239.4534838,1.0
1758265239.516661,1.0
1758265239.5781908,1.0
1758265239.641143,1.0
1758265239.7040617,1.0
1758265239.7659874,1.0
1758265239.8288307,1.0
1758265239.8907158,1.0
1758265239.9538941,1.0
1758265240.0172656,1.0
1758265240.0787778,1.0
1758265240.1377158,1.0
1758265240.2010202,1.0
1758265240.2638314,1.0
1758265240.3268893,1.0
1758265240.3898902,1.0
1758265240.4528124,1.0
1758265240.5158644,1.0
1758265240.5792952,1.0
1758265240.6425736,1.0
1758265240.7050335,1.0
1758265240.7681968,1.0
1758265240.830914,1.0
1758265240.8937514,1.0
1758265240.9566073,1.0
1758265241.0195494,1.0
1758265241.0824184,1.0
1758265241.1453764,1.0
1758265241.203881,1.0
1758265241.2644815,1.0
1758265241.318774,1.0
1758265241.3377724,1.0
1758265241.3570697,1.0
1758265241.3808928,1.0
1758265241.4012835,1.0
1758265241.4205415,1.0
1758265241.4395232,1.0
1758265241.458428,1.0
1758265241.4791615,1.0
1758265241.5019202,1.0
1758265241.5289352,1.0
1758265241.5647771,1.0
1758265241.5945864,1.0
1758265241.6130173,1.0
1758265241.6369376,1.0
1758265241.6631682,1.0
1758265241.689512,1.0
1758265241.7393126,1.0
1758265241.8013022,1.0
1758265241.83934,1.0
1758265241.8871856,1.0
1758265241.951057,1.0
1758265242.0141904,1.0
1758265242.077209,1.0
1758265242.1401446,1.0
1758265242.2029676,1.0
1758265242.2722857,1.0
1758265242.335197,1.0
1758265242.3981655,1.0
1758265242.46101,1.0
1758265242.5240655,1.0
1758265242.5871415,1.0
1758265242.6504352,1.0
1758265242.7132914,1.0
1758265242.775651,1.0
1758265242.8390226,1.0
1758265242.8823907,1.0
1758265242.9012592,1.0
1758265242.9207203,1.0
1758265242.9396794,1.0
1758265242.9582512,1.0
1758265242.977286,1.0
1758265242.9964552,1.0
1758265243.0148902,1.0
1758265243.0350337,1.0
1758265243.0535128,1.0
1758265243.07227,1.0
1758265243.0910144,1.0
1758265243.1136396,1.0
1758265243.1319451,1.0
1758265243.1507864,1.0
1758265243.170302,1.0
1758265243.193043,1.0
1758265243.228299,1.0
1758265243.290254,1.0
1758265243.353865,1.0
1758265243.4164321,1.0
1758265243.4750755,1.0
1758265243.5379303,1.0
1758265243.600757,1.0
1758265243.6637328,1.0
1758265243.7264624,1.0
1758265243.7876813,1.0
1758265243.842798,1.0
1758265243.8636568,1.0
1758265243.8867757,1.0
1758265243.9090264,1.0
1758265243.9352982,1.0
1758265243.9937844,1.0
1758265244.047726,1.0
1758265244.106537,1.0
1758265244.1697114,1.0
1758265244.232908,1.0
1758265244.2958357,1.0
1758265244.3550444,1.0
1758265244.4180539,1.0
1758265244.4812257,1.0
1758265244.5439115,1.0
1758265244.6068316,1.0
1758265244.669812,1.0
1758265244.7329533,1.0
1758265244.7958832,1.0
1758265244.8588147,1.0
1758265244.9269161,1.0
1758265244.9846025,1.0
1758265245.0466077,1.0
1758265245.1096857,1.0
1758265245.1725333,1.0
1758265245.2355263,1.0
1758265245.298281,1.0
1758265245.3621445,1.0
1758265245.4250102,1.0
1758265245.4861958,1.0
1758265245.5491512,1.0
1758265245.6115983,1.0
1758265245.6519914,1.0
1758265245.6848235,1.0
1758265245.738777,1.0
1758265245.800857,1.0
1758265245.8635979,1.0
1758265245.9266639,1.0
1758265245.989946,1.0
1758265246.0529,1.0
1758265246.1099167,1.0
1758265246.1657925,1.0
1758265246.2220097,1.0
1758265246.274513,1.0
1758265246.3307264,1.0
1758265246.3869298,1.0
1758265246.4429739,1.0
1758265246.4990246,1.0
1758265246.5572267,1.0
1758265246.616034,1.0
1758265246.6728628,1.0
1758265246.7128475,1.0
1758265246.770427,1.0
1758265246.8265796,1.0
1758265246.8824625,1.0
1758265246.9388423,1.0
1758265246.999125,1.0
1758265247.0560749,1.0
1758265247.112721,1.0
1758265247.172226,1.0
1758265247.2285717,1.0
1758265247.2843184,1.0
1758265247.3448808,1.0
1758265247.4045997,1.0
1758265247.4499946,1.0
1758265247.507591,1.0
1758265247.554747,1.0
1758265247.609348,1.0
1758265247.6642497,1.0
1758265247.7194226,1.0
1758265247.7753506,1.0
1758265247.838714,1.0
1758265247.894863,1.0
1758265247.9512086,1.0
1758265248.0075274,1.0
1758265248.0634866,1.0
1758265248.119537,1.0
1758265248.1728864,1.0
1758265248.2296994,1.0
1758265248.284779,1.0
1758265248.3449283,1.0
1758265248.3920548,1.0
1758265248.4498696,1.0
1758265248.498327,1.0
1758265248.5519211,1.0
1758265248.5887277,1.0
1758265248.646376,1.0
1758265248.700297,1.0
1758265248.752122,1.0
1758265248.8037386,1.0
1758265248.8620543,1.0
1758265248.9052553,1.0
1758265248.9529312,1.0
1758265249.000056,1.0
1758265249.0559723,1.0
1758265249.1118855,1.0
1758265249.1714075,1.0
1758265249.2303886,1.0
1758265249.280009,1.0
1758265249.3390613,1.0
1758265249.3887134,1.0
1758265249.4488294,1.0
1758265249.509083,1.0
1758265249.5692797,1.0
1758265249.6223967,1.0
1758265249.682263,1.0
1758265249.7354114,1.0
1758265249.794223,1.0
1758265249.8420005,1.0
1758265249.892871,1.0
1758265249.9482496,1.0
1758265250.0111458,1.0
1758265250.0717537,1.0
1758265250.1196904,1.0
1758265250.1805227,1.0
1758265250.2372546,1.0
1758265250.2976162,1.0
1758265250.3577604,1.0
1758265250.4105685,1.0
1758265250.4701874,1.0
1758265250.5253656,1.0
1758265250.5850103,1.0
1758265250.6385884,1.0
1758265250.6988747,1.0
1758265250.7584167,1.0
1758265250.8099961,1.0
1758265250.873483,1.0
1758265250.9190118,1.0
1758265250.9749491,1.0
1758265251.032273,1.0
1758265251.08622,1.0
1758265251.1463375,1.0
1758265251.2063084,1.0
1758265251.2665198,1.0
1758265251.3229268,1.0
1758265251.3788342,1.0
1758265251.4231925,1.0
1758265251.4775584,1.0
1758265251.5385406,1.0
1758265251.585491,1.0
1758265251.6456316,1.0
1758265251.704749,1.0
1758265251.7594867,1.0
1758265251.818129,1.0
1758265251.8877132,1.0
1758265251.9238908,1.0
1758265251.9448736,1.0
1758265251.9639227,1.0
1758265251.9827824,1.0
1758265252.0028408,1.0
1758265252.0221756,1.0
1758265252.047011,1.0
1758265252.069848,1.0
1758265252.0956185,1.0
1758265252.1203084,1.0
1758265252.1440215,1.0
1758265252.1665776,1.0
1758265252.1861448,1.0
1758265252.214088,1.0
1758265252.2323678,1.0
1758265252.2507539,1.0
1758265252.269244,1.0
1758265252.305602,1.0
1758265252.3684828,1.0
1758265252.4313228,1.0
1758265252.4943287,1.0
1758265252.5553916,1.0
1758265252.6183188,1.0
1758265252.681393,1.0
1758265252.74449,1.0
1758265252.8075168,1.0
1758265252.8703797,1.0
1758265252.9395585,1.0
1758265253.0025601,1.0
1758265253.0655851,1.0
1758265253.1285424,1.0
1758265253.1893327,1.0
1758265253.2463868,1.0
1758265253.3082533,1.0
1758265253.370378,1.0
1758265253.4333558,1.0
1758265253.4964862,1.0
1758265253.5594804,1.0
1758265253.62241,1.0
1758265253.6856794,1.0
1758265253.7486181,1.0
1758265253.8115768,1.0
1758265253.8747635,1.0
1758265253.9368439,1.0
1758265253.999938,1.0
1758265254.0631073,1.0
1758265254.1263454,1.0
1758265254.1894665,1.0
1758265254.2524407,1.0
1758265254.3139358,1.0
1758265254.372703,1.0
1758265254.4267445,1.0
1758265254.47574,1.0
1758265254.5228798,1.0
1758265254.571433,1.0
1758265254.6258585,1.0
1758265254.67969,1.0
1758265254.738741,1.0
1758265254.7892463,1.0
1758265254.8449044,1.0
1758265254.8943403,1.0
1758265254.9512093,1.0
1758265254.998386,1.0
1758265255.016881,1.0
1758265255.070351,1.0
1758265255.1241822,1.0
1758265255.145418,1.0
1758265255.1651456,1.0
1758265255.1856277,1.0
1758265255.20791,1.0
1758265255.234993,1.0
1758265255.256,1.0
1758265255.2879097,1.0
1758265255.3097622,1.0
1758265255.330813,1.0
1758265255.3550696,1.0
1758265255.382987,1.0
1758265255.4078147,1.0
1758265255.4297671,1.0
1758265255.451457,1.0
1758265255.473944,1.0
1758265255.5071163,1.0
1758265255.5522811,1.0
1758265255.6196527,1.0
1758265255.682868,1.0
1758265255.7461681,1.0
1758265255.8093023,1.0
1758265255.8727357,1.0
1758265255.9310822,1.0
1758265255.9943142,1.0
1758265256.0574422,1.0
1758265256.1207433,1.0
1758265256.1821132,1.0
1758265256.245291,1.0
1758265256.3083448,1.0
1758265256.371574,1.0
1758265256.434739,1.0
1758265256.4962685,1.0
1758265256.5596032,1.0
1758265256.6224341,1.0
1758265256.6861749,1.0
1758265256.7503219,1.0
1758265256.8123589,1.0
1758265256.8753984,1.0
1758265256.9384844,1.0
1758265257.001718,1.0
1758265257.0648232,1.0
1758265257.1280515,1.0
1758265257.1910877,1.0
1758265257.2527745,1.0
1758265257.3158727,1.0
1758265257.379011,1.0
1758265257.4399438,1.0
1758265257.503047,1.0
1758265257.567295,1.0
1758265257.6314013,1.0
1758265257.6782353,1.0
1758265257.7254305,1.0
1758265257.7844574,1.0
1758265257.8320174,1.0
1758265257.8672423,1.0
1758265257.8968801,1.0
1758265257.926223,1.0
1758265257.9671826,1.0
1758265258.0034332,1.0
1758265258.0679097,1.0
1758265258.1234624,1.0
1758265258.1740615,1.0
1758265258.2297878,1.0
1758265258.278425,1.0
1758265258.3336215,1.0
1758265258.3894205,1.0
1758265258.4463935,1.0
1758265258.5035615,1.0
1758265258.5608106,1.0
1758265258.6179125,1.0
1758265258.6749175,1.0
1758265258.73277,1.0
1758265258.7905078,1.0
1758265258.8421361,1.0
1758265258.8959057,1.0
1758265258.9537306,1.0
1758265259.010426,1.0
1758265259.0714169,1.0
1758265259.1303117,1.0
1758265259.1905434,1.0
1758265259.2479103,1.0
1758265259.3046935,1.0
1758265259.3650947,1.0
1758265259.424283,1.0
1758265259.4859493,1.0
1758265259.5427294,1.0
1758265259.5985672,1.0
1758265259.6556652,1.0
1758265259.716419,1.0
1758265259.7734096,1.0
1758265259.8306086,1.0
1758265259.8874476,1.0
1758265259.944512,1.0
1758265260.002329,1.0
1758265260.0626793,1.0
1758265260.127437,1.0
1758265260.1773386,1.0
1758265260.230572,1.0
1758265260.2887628,1.0
1758265260.3525462,1.0
1758265260.412423,1.0
1758265260.4668465,1.0
1758265260.5224116,1.0
1758265260.5784311,1.0
1758265260.6346874,1.0
1758265260.696568,1.0
1758265260.7595663,1.0
1758265260.822283,1.0
1758265260.8851926,1.0
1758265260.9481719,1.0
1758265261.0108378,1.0
1758265261.0727675,1.0
1758265261.1311188,1.0
1758265261.1776276,1.0
1758265261.2404697,1.0
1758265261.3034098,1.0
1758265261.3661432,1.0
1758265261.4298387,1.0
1758265261.4925063,1.0
1758265261.555045,1.0
1758265261.6177185,1.0
1758265261.6805491,1.0
1758265261.7401223,1.0
1758265261.8082213,1.0
1758265261.866181,1.0
1758265261.9295552,1.0
1758265261.992191,1.0
1758265262.0549793,1.0
1758265262.1180103,1.0
1758265262.1777723,1.0
1758265262.2355018,1.0
1758265262.2814605,1.0
1758265262.3361807,1.0
1758265262.3893313,1.0
1758265262.4400048,1.0
1758265262.5013702,1.0
1758265262.5522645,1.0
1758265262.6132019,1.0
1758265262.6742346,1.0
1758265262.7377317,1.0
1758265262.8012767,1.0
1758265262.8646033,1.0
1758265262.9279993,1.0
1758265262.9920397,1.0
1758265263.0554292,1.0
1758265263.118708,1.0
1758265263.1821089,1.0
1758265263.2456863,1.0
1758265263.30902,1.0
1758265263.3725736,1.0
1758265263.4358978,1.0
1758265263.4994714,1.0
1758265263.5490286,1.0
1758265263.6098044,1.0
1758265263.6653616,1.0
1758265263.720719,1.0
1758265263.7778792,1.0
1758265263.8368244,1.0
1758265263.893358,1.0
1758265263.9506161,1.0
1758265264.0102727,1.0
1758265264.0674715,1.0
1758265264.126421,1.0
1758265264.1858346,1.0
1758265264.2391768,1.0
1758265264.2967846,1.0
1758265264.353223,1.0
1758265264.4101877,1.0
1758265264.4667435,1.0
1758265264.5213423,1.0
1758265264.5784395,1.0
1758265264.626265,1.0
1758265264.6831143,1.0
1758265264.7414455,1.0
1758265264.8017466,1.0
1758265264.858159,1.0
1758265264.9197958,1.0
1758265264.9793663,1.0
1758265265.03135,1.0
1758265265.0925558,1.0
1758265265.131271,1.0
1758265265.171984,1.0
1758265265.2289736,1.0
1758265265.2787983,1.0
1758265265.3213804,1.0
1758265265.3775406,1.0
1758265265.4290335,1.0
1758265265.4802861,1.0
1758265265.5327644,1.0
1758265265.5968251,1.0
1758265265.6588104,1.0
1758265265.7217793,1.0
1758265265.7847455,1.0
1758265265.8478158,1.0
1758265265.9106715,1.0
1758265265.968089,1.0
1758265265.9902635,1.0
1758265266.0103812,1.0
1758265266.0375578,1.0
1758265266.068138,1.0
1758265266.098188,1.0
1758265266.1598654,1.0
1758265266.2230473,1.0
1758265266.2834926,1.0
1758265266.3466036,1.0
1758265266.4084466,1.0
1758265266.471204,1.0
1758265266.5337622,1.0
1758265266.596674,1.0
1758265266.6585963,1.0
1758265266.7182355,1.0
1758265266.737311,1.0
1758265266.7628734,1.0
1758265266.8147511,1.0
1758265266.834853,1.0
1758265266.8576438,1.0
1758265266.8785145,1.0
1758265266.9012601,1.0
1758265266.9212315,1.0
1758265266.945383,1.0
1758265266.9715414,1.0
1758265266.9946425,1.0
1758265267.0174017,1.0
1758265267.043441,1.0
1758265267.0684316,1.0
1758265267.0909944,1.0
1758265267.111457,1.0
1758265267.1337414,1.0
1758265267.1651905,1.0
1758265267.2005172,1.0
1758265267.2591107,1.0
1758265267.3068764,1.0
1758265267.3377929,1.0
1758265267.3944023,1.0
1758265267.4522698,1.0
1758265267.5012243,1.0
1758265267.5592875,1.0
1758265267.6186028,1.0
1758265267.6720297,1.0
1758265267.716342,1.0
1758265267.7747653,1.0
1758265267.8318696,1.0
1758265267.8947964,1.0
1758265267.9577413,1.0
1758265268.0208917,1.0
1758265268.0838797,1.0
1758265268.146831,1.0
1758265268.209809,1.0
1758265268.27271,1.0
1758265268.3301501,1.0
1758265268.3878968,1.0
1758265268.4389718,1.0
1758265268.4693682,1.0
1758265268.498158,1.0
1758265268.5436006,1.0
1758265268.6022544,1.0
1758265268.6521888,1.0
1758265268.6829438,1.0
1758265268.7293415,1.0
1758265268.7874715,1.0
1758265268.837964,1.0
1758265268.898342,1.0
1758265268.957009,1.0
1758265269.0178578,1.0
1758265269.0454066,1.0
1758265269.0775363,1.0
1758265269.1248918,1.0
1758265269.184293,1.0
1758265269.2437801,1.0
1758265269.2878096,1.0
1758265269.3426166,1.0
1758265269.404654,1.0
1758265269.460198,1.0
1758265269.5166605,1.0
1758265269.5740232,1.0
1758265269.6322465,1.0
1758265269.691443,1.0
1758265269.7486022,1.0
1758265269.8057594,1.0
1758265269.8635352,1.0
1758265269.9219346,1.0
1758265269.9651656,1.0
1758265270.0230732,1.0
1758265270.0800586,1.0
1758265270.137289,1.0
1758265270.1967556,1.0
1758265270.2541502,1.0
1758265270.3149073,1.0
1758265270.3684578,1.0
1758265270.4255104,1.0
1758265270.4850547,1.0
1758265270.540058,1.0
1758265270.5993931,1.0
1758265270.6539488,1.0
1758265270.709437,1.0
1758265270.7657893,1.0
1758265270.8231955,1.0
1758265270.8807318,1.0
1758265270.9356914,1.0
1758265270.9929943,1.0
1758265271.0505958,1.0
1758265271.1080346,1.0
1758265271.1666718,1.0
1758265271.224888,1.0
1758265271.2863524,1.0
1758265271.3443282,1.0
1758265271.4041035,1.0
1758265271.4651105,1.0
1758265271.5256526,1.0
1758265271.5852134,1.0
1758265271.6448925,1.0
1758265271.6970215,1.0
1758265271.75149,1.0
1758265271.8141992,1.0
1758265271.8764446,1.0
1758265271.9377449,1.0
1758265271.9965715,1.0
1758265272.0527554,1.0
1758265272.1120179,1.0
1758265272.1716094,1.0
1758265272.2340677,1.0
1758265272.2931938,1.0
1758265272.3529458,1.0
1758265272.4133985,1.0
1758265272.4754615,1.0
1758265272.5330484,1.0
1758265272.5860505,1.0
1758265272.649049,1.0
1758265272.6999028,1.0
1758265272.7585812,1.0
1758265272.813322,1.0
1758265272.8712199,1.0
1758265272.9308686,1.0
1758265272.9912126,1.0
1758265273.0493107,1.0
1758265273.107791,1.0
1758265273.167341,1.0
1758265273.2294655,1.0
1758265273.2887735,1.0
1758265273.3494985,1.0
1758265273.4088652,1.0
1758265273.4666448,1.0
1758265273.5232644,1.0
1758265273.5843005,1.0
1758265273.641297,1.0
1758265273.6923625,1.0
1758265273.7463508,1.0
1758265273.8094845,1.0
1758265273.85778,1.0
1758265273.9185991,1.0
1758265273.976484,1.0
1758265274.0321898,1.0
1758265274.09256,1.0
1758265274.1544707,1.0
1758265274.2059894,1.0
1758265274.265686,1.0
1758265274.32674,1.0
1758265274.3838332,1.0
1758265274.4428363,1.0
1758265274.5024538,1.0
1758265274.5614572,1.0
1758265274.6216729,1.0
1758265274.6820776,1.0
1758265274.7229137,1.0
1758265274.7442186,1.0
1758265274.7634656,1.0
1758265274.7823517,1.0
1758265274.8015125,1.0
1758265274.8211102,1.0
1758265274.8398306,1.0
1758265274.8598776,1.0
1758265274.883647,1.0
1758265274.9087346,1.0
1758265274.932258,1.0
1758265274.9566622,1.0
1758265274.9813778,1.0
1758265275.002444,1.0
1758265275.0399544,1.0
1758265275.0641475,1.0
1758265275.0827274,1.0
1758265275.1014316,1.0
1758265275.126084,1.0
1758265275.1882753,1.0
1758265275.2464857,1.0
1758265275.301262,1.0
1758265275.3559775,1.0
1758265275.4113996,1.0
1758265275.467173,1.0
1758265275.5229993,1.0
1758265275.5790713,1.0
1758265275.634848,1.0
1758265275.690475,1.0
1758265275.7461503,1.0
1758265275.8018472,1.0
1758265275.8588653,1.0
1758265275.9172242,1.0
1758265275.973275,1.0
1758265276.0323336,1.0
1758265276.0895805,1.0
1758265276.145752,1.0
1758265276.2020519,1.0
1758265276.2577045,1.0
1758265276.3132908,1.0
1758265276.3690398,1.0
1758265276.424734,1.0
1758265276.481003,1.0
1758265276.5365942,1.0
1758265276.5963826,1.0
1758265276.6566868,1.0
1758265276.7168977,1.0
1758265276.7588575,1.0
1758265276.8111825,1.0
1758265276.8687453,1.0
1758265276.9330728,1.0
1758265276.9885156,1.0
1758265277.0402052,1.0
1758265277.0997946,1.0
1758265277.155964,1.0
1758265277.2187796,1.0
1758265277.2818615,1.0
1758265277.344493,1.0
1758265277.4071038,1.0
1758265277.4697104,1.0
1758265277.5322812,1.0
1758265277.5948632,1.0
1758265277.6572804,1.0
1758265277.719833,1.0
1758265277.7572434,1.0
1758265277.78471,1.0
1758265277.8057091,1.0
1758265277.8337927,1.0
1758265277.8618596,1.0
1758265277.8962474,1.0
1758265277.9202704,1.0
1758265277.939329,1.0
1758265277.9584455,1.0
1758265277.9829893,1.0
1758265278.0063002,1.0
1758265278.055669,1.0
1758265278.0769682,1.0
1758265278.101299,1.0
1758265278.1240554,1.0
1758265278.1446717,1.0
1758265278.1645603,1.0
1758265278.1862085,1.0
1758265278.212803,1.0
1758265278.2364273,1.0
1758265278.2741306,1.0
1758265278.3306973,1.0
1758265278.3560994,1.0
1758265278.3851182,1.0
1758265278.409573,1.0
1758265278.4408195,1.0
1758265278.490698,1.0
1758265278.5526989,1.0
1758265278.5953398,1.0
1758265278.6581354,1.0
1758265278.7207582,1.0
1758265278.7829652,1.0
1758265278.8459318,1.0
1758265278.9086313,1.0
1758265278.9709651,1.0
1758265279.0350454,1.0
1758265279.1002383,1.0
1758265279.1636672,1.0
1758265279.2265534,1.0
1758265279.2863321,1.0
1758265279.3494318,1.0
1758265279.376981,1.0
1758265279.4353347,1.0
1758265279.49833,1.0
1758265279.5609472,1.0
1758265279.6235895,1.0
1758265279.6864,1.0
1758265279.7492034,1.0
1758265279.8120842,1.0
1758265279.8747249,1.0
1758265279.9373887,1.0
1758265280.000163,1.0
1758265280.0621388,1.0
1758265280.1250322,1.0
1758265280.1876588,1.0
1758265280.2485006,1.0
1758265280.311359,1.0
1758265280.37413,1.0
1758265280.436887,1.0
1758265280.4948807,1.0
1758265280.5576031,1.0
1758265280.6203592,1.0
1758265280.6832016,1.0
1758265280.7421079,1.0
1758265280.804839,1.0
1758265280.8675663,1.0
1758265280.9303298,1.0
1758265280.99302,1.0
1758265281.055988,1.0
1758265281.1187103,1.0
1758265281.1813946,1.0
1758265281.2434957,1.0
1758265281.3059435,1.0
1758265281.3690035,1.0
1758265281.4317787,1.0
1758265281.4942615,1.0
1758265281.5570278,1.0
1758265281.619628,1.0
1758265281.682276,1.0
1758265281.745118,1.0
1758265281.8052557,1.0
1758265281.867923,1.0
1758265281.9303775,1.0
1758265281.9932344,1.0
1758265282.0554686,1.0
1758265282.1183023,1.0
1758265282.1811047,1.0
1758265282.2438495,1.0
1758265282.3066263,1.0
1758265282.3674045,1.0
1758265282.4301112,1.0
1758265282.4928,1.0
1758265282.5510912,1.0
1758265282.6098871,1.0
1758265282.6656387,1.0
1758265282.7106922,1.0
1758265282.7537906,1.0
1758265282.8106544,1.0
1758265282.8693297,1.0
1758265282.9268234,1.0
1758265282.9841056,1.0
1758265283.0441911,1.0
1758265283.101629,1.0
1758265283.1543992,1.0
1758265283.208229,1.0
1758265283.2662027,1.0
1758265283.3197649,1.0
1758265283.3830714,1.0
1758265283.442263,1.0
1758265283.5030766,1.0
1758265283.5606208,1.0
1758265283.6178238,1.0
1758265283.6777008,1.0
1758265283.7396872,1.0
1758265283.7918057,1.0
1758265283.8484223,1.0
1758265283.903865,1.0
1758265283.9610283,1.0
1758265284.0191834,1.0
1758265284.0769002,1.0
1758265284.134262,1.0
1758265284.1919255,1.0
1758265284.2476377,1.0
1758265284.3037977,1.0
1758265284.3595693,1.0
1758265284.4156315,1.0
1758265284.4742708,1.0
1758265284.534243,1.0
1758265284.5938993,1.0
1758265284.6532505,1.0
1758265284.7124197,1.0
1758265284.771164,1.0
1758265284.828853,1.0
1758265284.8894224,1.0
1758265284.9557686,1.0
1758265285.0108218,1.0
1758265285.0711873,1.0
1758265285.132784,1.0
1758265285.1929307,1.0
1758265285.2502785,1.0
1758265285.3132846,1.0
1758265285.376214,1.0
1758265285.43438,1.0
1758265285.495457,1.0
1758265285.5543578,1.0
1758265285.6110964,1.0
1758265285.6716874,1.0
1758265285.73228,1.0
1758265285.7915983,1.0
1758265285.8511171,1.0
1758265285.91139,1.0
1758265285.9723535,1.0
1758265286.0329802,1.0
1758265286.0939763,1.0
1758265286.153478,1.0
1758265286.2109017,1.0
1758265286.273959,1.0
1758265286.3380835,1.0
1758265286.401565,1.0
1758265286.4646802,1.0
1758265286.5277624,1.0
1758265286.5909612,1.0
1758265286.6542706,1.0
1758265286.7150671,1.0
1758265286.7736263,1.0
1758265286.829864,1.0
1758265286.8878932,1.0
1758265286.9450765,1.0
1758265287.0050201,1.0
1758265287.0664363,1.0
1758265287.124989,1.0
1758265287.1829436,1.0
1758265287.2446296,1.0
1758265287.3081985,1.0
1758265287.370942,1.0
1758265287.4336,1.0
1758265287.4963129,1.0
1758265287.5591242,1.0
1758265287.62163,1.0
1758265287.6845975,1.0
1758265287.7472246,1.0
1758265287.8100247,1.0
1758265287.8724508,1.0
1758265287.9355946,1.0
1758265287.9987752,1.0
1758265288.0582669,1.0
1758265288.1152222,1.0
1758265288.1699996,1.0
1758265288.225051,1.0
1758265288.2836342,1.0
1758265288.3451102,1.0
1758265288.401007,1.0
1758265288.4569433,1.0
1758265288.5127811,1.0
1758265288.5686097,1.0
1758265288.62445,1.0
1758265288.6815088,1.0
1758265288.7436826,1.0
1758265288.8067648,1.0
1758265288.8702335,1.0
1758265288.9310377,1.0
1758265288.9935405,1.0
1758265289.0567803,1.0
1758265289.1201568,1.0
1758265289.1820772,1.0
1758265289.2453852,1.0
1758265289.3087213,1.0
1758265289.3719678,1.0
1758265289.4332175,1.0
1758265289.4791887,1.0
1758265289.5330167,1.0
1758265289.592518,1.0
1758265289.6448193,1.0
1758265289.6934433,1.0
1758265289.7449374,1.0
1758265289.8048608,1.0
1758265289.865268,1.0
1758265289.9223564,1.0
1758265289.979507,1.0
1758265290.03711,1.0
1758265290.0942733,1.0
1758265290.157018,1.0
1758265290.218938,1.0
1758265290.2377357,1.0
1758265290.264479,1.0
1758265290.2847893,1.0
1758265290.3185668,1.0
1758265290.3493972,1.0
1758265290.3692558,1.0
1758265290.389172,1.0
1758265290.4209502,1.0
1758265290.4473448,1.0
1758265290.5100641,1.0
1758265290.5729647,1.0
1758265290.6357903,1.0
1758265290.6980937,1.0
1758265290.7604368,1.0
1758265290.8230999,1.0
1758265290.8857396,1.0
1758265290.9310074,1.0
1758265290.9623497,1.0
1758265291.0095186,1.0
1758265291.04599,1.0
1758265291.0928369,1.0
1758265291.1163597,1.0
1758265291.1367533,1.0
1758265291.1702986,1.0
1758265291.1910365,1.0
1758265291.2144914,1.0
1758265291.235906,1.0
1758265291.256102,1.0
1758265291.2900164,1.0
1758265291.3544416,1.0
1758265291.4063454,1.0
1758265291.462693,1.0
1758265291.521208,1.0
1758265291.5802002,1.0
1758265291.638851,1.0
1758265291.6975946,1.0
1758265291.7601705,1.0
1758265291.8237317,1.0
1758265291.876271,1.0
1758265291.9306996,1.0
1758265291.99174,1.0
1758265292.0473778,1.0
1758265292.1107397,1.0
1758265292.1740673,1.0
1758265292.2375572,1.0
1758265292.2970557,1.0
1758265292.3562992,1.0
1758265292.4173872,1.0
1758265292.47526,1.0
1758265292.527482,1.0
1758265292.5858054,1.0
1758265292.6446302,1.0
1758265292.699668,1.0
1758265292.7571468,1.0
1758265292.816377,1.0
1758265292.8746233,1.0
1758265292.9338696,1.0
1758265292.9959152,1.0
1758265293.0582497,1.0
1758265293.121474,1.0
1758265293.1841867,1.0
1758265293.2469075,1.0
1758265293.3020453,1.0
1758265293.3565989,1.0
1758265293.4119022,1.0
1758265293.4496982,1.0
1758265293.4869924,1.0
1758265293.544137,1.0
1758265293.6014588,1.0
1758265293.6591833,1.0
1758265293.7163954,1.0
1758265293.7737205,1.0
1758265293.833593,1.0
1758265293.8933449,1.0
1758265293.9480596,1.0
1758265294.0058115,1.0
1758265294.0659647,1.0
1758265294.1290689,1.0
1758265294.187243,1.0
1758265294.247103,1.0
1758265294.30428,1.0
1758265294.360886,1.0
1758265294.4195857,1.0
1758265294.4703429,1.0
1758265294.5118616,1.0
1758265294.5580716,1.0
1758265294.5925453,1.0
1758265294.6479366,1.0
1758265294.7035186,1.0
1758265294.7604485,1.0
1758265294.8190074,1.0
1758265294.8793297,1.0
1758265294.9367752,1.0
1758265294.9939835,1.0
1758265295.051263,1.0
1758265295.109156,1.0
1758265295.168746,1.0
1758265295.2138572,1.0
1758265295.2660375,1.0
1758265295.3127403,1.0
1758265295.352557,1.0
1758265295.4133942,1.0
1758265295.4578023,1.0
1758265295.5240753,1.0
1758265295.5815592,1.0
1758265295.6410348,1.0
1758265295.6859436,1.0
1758265295.7379637,1.0
1758265295.7919579,1.0
1758265295.8464127,1.0
1758265295.9035118,1.0
1758265295.9624224,1.0
1758265295.9938726,1.0
1758265296.055473,1.0
1758265296.1152394,1.0
1758265296.176058,1.0
1758265296.237357,1.0
1758265296.2991898,1.0
1758265296.3598855,1.0
1758265296.4189079,1.0
1758265296.4665568,1.0
1758265296.5263112,1.0
1758265296.585312,1.0
1758265296.635553,1.0
1758265296.6986656,1.0
1758265296.7591498,1.0
1758265296.8163123,1.0
1758265296.8543022,1.0
1758265296.9129508,1.0
1758265296.967511,1.0
1758265297.021653,1.0
1758265297.0774026,1.0
1758265297.133938,1.0
1758265297.195586,1.0
1758265297.2512972,1.0
1758265297.2999752,1.0
1758265297.34534,1.0
1758265297.3936043,1.0
1758265297.4285488,1.0
1758265297.4726524,1.0
1758265297.525898,1.0
1758265297.585559,1.0
1758265297.6490483,1.0
1758265297.7120123,1.0
1758265297.7742364,1.0
1758265297.8373432,1.0
1758265297.9007792,1.0
1758265297.9624069,1.0
1758265298.0252526,1.0
1758265298.0878522,1.0
1758265298.150555,1.0
1758265298.2135744,1.0
1758265298.2720816,1.0
1758265298.330045,1.0
1758265298.3762407,1.0
1758265298.413804,1.0
1758265298.4753716,1.0
1758265298.5351555,1.0
1758265298.5947607,1.0
1758265298.640939,1.0
1758265298.6990995,1.0
1758265298.7580588,1.0
1758265298.814427,1.0
1758265298.836283,1.0
1758265298.8555284,1.0
1758265298.8753097,1.0
1758265298.8999116,1.0
1758265298.9238405,1.0
1758265298.948064,1.0
1758265298.9678378,1.0
1758265298.9917953,1.0
1758265299.0178726,1.0
1758265299.0385363,1.0
1758265299.0585487,1.0
1758265299.0896251,1.0
1758265299.1080015,1.0
1758265299.1283197,1.0
1758265299.1468604,1.0
1758265299.1965911,1.0
1758265299.2605565,1.0
1758265299.3146777,1.0
1758265299.3666961,1.0
1758265299.4207385,1.0
1758265299.4767063,1.0
1758265299.5329237,1.0
1758265299.5887985,1.0
1758265299.6450639,1.0
1758265299.701256,1.0
1758265299.757275,1.0
1758265299.8147995,1.0
1758265299.871282,1.0
1758265299.9238677,1.0
1758265299.981369,1.0
1758265300.0387838,1.0
1758265300.0814884,1.0
1758265300.1365921,1.0
1758265300.1926801,1.0
1758265300.2482896,1.0
1758265300.3045335,1.0
1758265300.3613687,1.0
1758265300.418401,1.0
1758265300.475093,1.0
1758265300.512678,1.0
1758265300.5485063,1.0
1758265300.606349,1.0
1758265300.666491,1.0
1758265300.7254548,1.0
1758265300.7831833,1.0
1758265300.8298607,1.0
1758265300.8890517,1.0
1758265300.932403,1.0
1758265300.982392,1.0
1758265301.046359,1.0
1758265301.1059163,1.0
1758265301.1644137,1.0
1758265301.2269855,1.0
1758265301.2881231,1.0
1758265301.3506556,1.0
1758265301.392192,1.0
1758265301.4218686,1.0
1758265301.4809768,1.0
1758265301.520837,1.0
1758265301.5436819,1.0
1758265301.5652258,1.0
1758265301.5950787,1.0
1758265301.6327844,1.0
1758265301.6952267,1.0
1758265301.7566996,1.0
1758265301.819774,1.0
1758265301.8826447,1.0
1758265301.9455209,1.0
1758265302.008139,1.0
1758265302.0710313,1.0
1758265302.1342654,1.0
1758265302.1917763,1.0
1758265302.2106438,1.0
1758265302.2465384,1.0
1758265302.3019595,1.0
1758265302.3576345,1.0
1758265302.384416,1.0
1758265302.4119642,1.0
1758265302.4633563,1.0
1758265302.521274,1.0
1758265302.5645137,1.0
1758265302.6104877,1.0
1758265302.6703331,1.0
1758265302.7287953,1.0
1758265302.7872128,1.0
1758265302.8455396,1.0
1758265302.9019892,1.0
1758265302.9646978,1.0
1758265303.0274594,1.0
1758265303.088092,1.0
1758265303.1508052,1.0
1758265303.2163439,1.0
1758265303.274221,1.0
1758265303.3371065,1.0
1758265303.4002519,1.0
1758265303.4630227,1.0
1758265303.5183809,1.0
1758265303.5784607,1.0
1758265303.6379025,1.0
1758265303.6983085,1.0
1758265303.7587676,1.0
1758265303.8190706,1.0
1758265303.8828545,1.0
1758265303.941101,1.0
1758265303.9902272,1.0
1758265304.0463595,1.0
1758265304.1049669,1.0
1758265304.1639674,1.0
1758265304.1900084,1.0
1758265304.2283237,1.0
1758265304.2642286,1.0
1758265304.2946177,1.0
1758265304.3239012,1.0
1758265304.3496857,1.0
1758265304.3733058,1.0
1758265304.397578,1.0
1758265304.419098,1.0
1758265304.441557,1.0
1758265304.4896364,1.0
1758265304.553286,1.0
1758265304.6131017,1.0
1758265304.671532,1.0
1758265304.7262383,1.0
1758265304.780952,1.0
1758265304.836651,1.0
1758265304.8926303,1.0
1758265304.948763,1.0
1758265305.0048728,1.0
1758265305.0611217,1.0
1758265305.1169767,1.0
1758265305.1730375,1.0
1758265305.2291436,1.0
1758265305.285716,1.0
1758265305.3427393,1.0
1758265305.398563,1.0
1758265305.443907,1.0
1758265305.5006783,1.0
1758265305.556732,1.0
1758265305.6126559,1.0
1758265305.6693764,1.0
1758265305.7284744,1.0
1758265305.7853055,1.0
1758265305.8416233,1.0
1758265305.897903,1.0
1758265305.954382,1.0
1758265306.0097034,1.0
1758265306.0648847,1.0
1758265306.121852,1.0
1758265306.180446,1.0
1758265306.2249613,1.0
1758265306.2747233,1.0
1758265306.3263688,1.0
1758265306.3811285,1.0
1758265306.4358246,1.0
1758265306.4911509,1.0
1758265306.5471337,1.0
1758265306.6032093,1.0
1758265306.6592062,1.0
1758265306.7151875,1.0
1758265306.7712445,1.0
1758265306.8268006,1.0
1758265306.8807843,1.0
1758265306.9372828,1.0
1758265306.99425,1.0
1758265307.0536299,1.0
1758265307.1182163,1.0
1758265307.1742427,1.0
1758265307.2303224,1.0
1758265307.2886631,1.0
1758265307.3484597,1.0
1758265307.4077647,1.0
1758265307.4696867,1.0
1758265307.5324955,1.0
1758265307.5940683,1.0
1758265307.65729,1.0
1758265307.717787,1.0
1758265307.7673678,1.0
1758265307.8300056,1.0
1758265307.8846478,1.0
1758265307.9382691,1.0
1758265307.994108,1.0
1758265308.0542102,1.0
1758265308.1023788,1.0
1758265308.1580799,1.0
1758265308.2138777,1.0
1758265308.2749615,1.0
1758265308.333052,1.0
1758265308.3971167,1.0
1758265308.4559593,1.0
1758265308.515422,1.0
1758265308.5637858,1.0
1758265308.6262026,1.0
1758265308.6834688,1.0
1758265308.7400732,1.0
1758265308.7960653,1.0
1758265308.8534243,1.0
1758265308.9139178,1.0
1758265308.973598,1.0
1758265309.0337398,1.0
1758265309.0926774,1.0
1758265309.1497498,1.0
1758265309.211611,1.0
1758265309.269898,1.0
1758265309.3244138,1.0
1758265309.3824859,1.0
1758265309.4415402,1.0
1758265309.489678,1.0
1758265309.5504954,1.0
1758265309.6030984,1.0
1758265309.662552,1.0
1758265309.725053,1.0
1758265309.7842844,1.0
1758265309.8410966,1.0
1758265309.8982666,1.0
1758265309.9502795,1.0
1758265310.0110142,1.0
1758265310.0654228,1.0
1758265310.1246035,1.0
1758265310.185284,1.0
1758265310.245861,1.0
1758265310.3067968,1.0
1758265310.37286,1.0
1758265310.4263668,1.0
1758265310.4854708,1.0
1758265310.5453875,1.0
1758265310.57968,1.0
1758265310.599515,1.0
1758265310.6214993,1.0
1758265310.6400628,1.0
1758265310.658653,1.0
1758265310.6778872,1.0
1758265310.6994987,1.0
1758265310.7184508,1.0
1758265310.7402167,1.0
1758265310.765824,1.0
1758265310.7937825,1.0
1758265310.8189366,1.0
1758265310.8435838,1.0
1758265310.8692262,1.0
1758265310.8907487,1.0
1758265310.9121206,1.0
1758265310.937983,1.0
1758265311.0006015,1.0
1758265311.047692,1.0
1758265311.106225,1.0
1758265311.1640842,1.0
1758265311.2187788,1.0
1758265311.2734432,1.0
1758265311.328892,1.0
1758265311.3848968,1.0
1758265311.4409876,1.0
1758265311.4971201,1.0
1758265311.553395,1.0
1758265311.6094003,1.0
1758265311.6653326,1.0
1758265311.72152,1.0
1758265311.7790618,1.0
1758265311.836517,1.0
1758265311.8948023,1.0
1758265311.9475546,1.0
1758265312.004257,1.0
1758265312.0602417,1.0
1758265312.1164033,1.0
1758265312.172109,1.0
1758265312.2283492,1.0
1758265312.285284,1.0
1758265312.341828,1.0
1758265312.3850203,1.0
1758265312.410107,1.0
1758265312.4663267,1.0
1758265312.5208027,1.0
1758265312.580107,1.0
1758265312.6378794,1.0
1758265312.6897,1.0
1758265312.7477922,1.0
1758265312.8092155,1.0
1758265312.872753,1.0
1758265312.936017,1.0
1758265312.999457,1.0
1758265313.0626152,1.0
1758265313.1266022,1.0
1758265313.1812634,1.0
1758265313.222275,1.0
1758265313.2583208,1.0
1758265313.3162293,1.0
1758265313.3500354,1.0
1758265313.3962352,1.0
1758265313.4447758,1.0
1758265313.469694,1.0
1758265313.5144439,1.0
1758265313.5588098,1.0
1758265313.6182098,1.0
1758265313.67058,1.0
1758265313.7338614,1.0
1758265313.7693977,1.0
1758265313.7894082,1.0
1758265313.8096626,1.0
1758265313.829794,1.0
1758265313.863781,1.0
1758265313.8954396,1.0
1758265313.945596,1.0
1758265314.0095053,1.0
1758265314.0735765,1.0
1758265314.1330354,1.0
1758265314.1928573,1.0
1758265314.252169,1.0
1758265314.3119614,1.0
1758265314.3715627,1.0
1758265314.4309812,1.0
1758265314.489748,1.0
1758265314.5492985,1.0
1758265314.6084647,1.0
1758265314.6679285,1.0
1758265314.72749,1.0
1758265314.7869916,1.0
1758265314.8461745,1.0
1758265314.9051213,1.0
1758265314.9644346,1.0
1758265315.023695,1.0
1758265315.0827332,1.0
1758265315.1425588,1.0
1758265315.2017705,1.0
1758265315.2617404,1.0
1758265315.3210275,1.0
1758265315.3806381,1.0
1758265315.4400647,1.0
1758265315.4998748,1.0
1758265315.5454068,1.0
1758265315.5924766,1.0
1758265315.6146097,1.0
1758265315.6355886,1.0
1758265315.6939173,1.0
1758265315.7619128,1.0
1758265315.8182673,1.0
1758265315.8812544,1.0
1758265315.944179,1.0
1758265316.0073352,1.0
1758265316.0641608,1.0
1758265316.1270447,1.0
1758265316.1835935,1.0
1758265316.2310946,1.0
1758265316.2631094,1.0
1758265316.299723,1.0
1758265316.3349657,1.0
1758265316.3554857,1.0
1758265316.379443,1.0
1758265316.4058814,1.0
1758265316.4428866,1.0
1758265316.4937968,1.0
1758265316.5524342,1.0
1758265316.5944393,1.0
1758265316.627249,1.0
1758265316.6521695,1.0
1758265316.7156365,1.0
1758265316.7759554,1.0
1758265316.8328772,1.0
1758265316.892288,1.0
1758265316.9420123,1.0
1758265316.9678993,1.0
1758265316.9903,1.0
1758265317.0107727,1.0
1758265317.033366,1.0
1758265317.0547204,1.0
1758265317.0757055,1.0
1758265317.1041644,1.0
1758265317.1594124,1.0
1758265317.2176743,1.0
1758265317.2639945,1.0
1758265317.2892275,1.0
1758265317.3476996,1.0
1758265317.4066105,1.0
1758265317.4410393,1.0
1758265317.503035,1.0
1758265317.5632265,1.0
1758265317.6239395,1.0
1758265317.683689,1.0
1758265317.7424474,1.0
1758265317.7865508,1.0
1758265317.8345184,1.0
1758265317.8949368,1.0
1758265317.946217,1.0
1758265318.009335,1.0
1758265318.0733435,1.0
1758265318.136394,1.0
1758265318.199202,1.0
1758265318.2619777,1.0
1758265318.3247113,1.0
1758265318.3875754,1.0
1758265318.4537246,1.0
1758265318.5007038,1.0
1758265318.5261788,1.0
1758265318.557046,1.0
1758265318.58076,1.0
1758265318.6043997,1.0
1758265318.6250675,1.0
1758265318.64446,1.0
1758265318.6903949,1.0
1758265318.750419,1.0
1758265318.8101718,1.0
1758265318.8548162,1.0
1758265318.910652,1.0
1758265318.9661891,1.0
1758265319.0231555,1.0
1758265319.0804482,1.0
1758265319.1377788,1.0
1758265319.1948261,1.0
1758265319.2518733,1.0
1758265319.309202,1.0
1758265319.3668902,1.0
1758265319.4245503,1.0
1758265319.4854317,1.0
1758265319.5428598,1.0
1758265319.5999959,1.0
1758265319.6598325,1.0
1758265319.7197464,1.0
1758265319.7802575,1.0
1758265319.8391843,1.0
1758265319.896397,1.0
1758265319.9551194,1.0
1758265320.007283,1.0
1758265320.0666327,1.0
1758265320.1220298,1.0
1758265320.1773803,1.0
1758265320.2334487,1.0
1758265320.292645,1.0
1758265320.3500726,1.0
1758265320.4077702,1.0
1758265320.4654305,1.0
1758265320.522622,1.0
1758265320.5824244,1.0
1758265320.6424916,1.0
1758265320.68215,1.0
1758265320.7380207,1.0
1758265320.7983859,1.0
1758265320.8570836,1.0
1758265320.9184546,1.0
1758265320.9771028,1.0
1758265321.0410154,1.0
1758265321.1045225,1.0
1758265321.1678271,1.0
1758265321.2297535,1.0
1758265321.288451,1.0
1758265321.3517735,1.0
1758265321.4140084,1.0
1758265321.4727328,1.0
1758265321.5315185,1.0
1758265321.5902655,1.0
1758265321.6487603,1.0
1758265321.7067747,1.0
1758265321.763046,1.0
1758265321.8227475,1.0
1758265321.8815234,1.0
1758265321.93749,1.0
1758265321.9963677,1.0
1758265322.0569263,1.0
1758265322.1170268,1.0
1758265322.1760814,1.0
1758265322.237465,1.0
1758265322.3019717,1.0
1758265322.3615642,1.0
1758265322.4192493,1.0
1758265322.4767096,1.0
1758265322.5396268,1.0
1758265322.5980933,1.0
1758265322.6543102,1.0
1758265322.7134035,1.0
1758265322.769366,1.0
1758265322.8295608,1.0
1758265322.8887272,1.0
1758265322.947032,1.0
1758265323.0093253,1.0
1758265323.0699763,1.0
1758265323.13257,1.0
1758265323.1942425,1.0
1758265323.250364,1.0
1758265323.3167892,1.0
1758265323.3759222,1.0
1758265323.4414735,1.0
1758265323.495085,1.0
1758265323.5567625,1.0
1758265323.618419,1.0
1758265323.6791651,1.0
1758265323.7365048,1.0
1758265323.7992766,1.0
1758265323.8585856,1.0
1758265323.916277,1.0
1758265323.9773653,1.0
1758265324.03622,1.0
1758265324.0972192,1.0
1758265324.1453965,1.0
1758265324.1648126,1.0
1758265324.1839783,1.0
1758265324.2060905,1.0
1758265324.2250807,1.0
1758265324.2444656,1.0
1758265324.2639482,1.0
1758265324.3130758,1.0
1758265324.338926,1.0
1758265324.359084,1.0
1758265324.3976398,1.0
1758265324.431928,1.0
1758265324.456166,1.0
1758265324.5164773,1.0
1758265324.575463,1.0
1758265324.6308892,1.0
1758265324.6869931,1.0
1758265324.7436016,1.0
1758265324.8001754,1.0
1758265324.857651,1.0
1758265324.9146166,1.0
1758265324.971481,1.0
1758265325.0281749,1.0
1758265325.0851636,1.0
1758265325.1419075,1.0
1758265325.199313,1.0
1758265325.256697,1.0
1758265325.3166792,1.0
1758265325.3740308,1.0
1758265325.4308312,1.0
1758265325.4869912,1.0
1758265325.5429995,1.0
1758265325.5989451,1.0
1758265325.6549635,1.0
1758265325.7107615,1.0
1758265325.7666829,1.0
1758265325.8227947,1.0
1758265325.8766694,1.0
1758265325.937914,1.0
1758265325.9973378,1.0
1758265326.0548644,1.0
1758265326.1114316,1.0
1758265326.1705425,1.0
1758265326.2302983,1.0
1758265326.2786174,1.0
1758265326.33825,1.0
1758265326.3965576,1.0
1758265326.4559329,1.0
1758265326.4943879,1.0
1758265326.5564735,1.0
1758265326.6152425,1.0
1758265326.6731038,1.0
1758265326.7148578,1.0
1758265326.7738528,1.0
1758265326.8331327,1.0
1758265326.851916,1.0
1758265326.8720584,1.0
1758265326.89422,1.0
1758265326.917145,1.0
1758265326.9397886,1.0
1758265326.9690657,1.0
1758265327.005934,1.0
1758265327.069054,1.0
1758265327.1320417,1.0
1758265327.1950579,1.0
1758265327.2578218,1.0
1758265327.3205268,1.0
1758265327.3833175,1.0
1758265327.4462068,1.0
1758265327.5091,1.0
1758265327.5718513,1.0
1758265327.6066663,1.0
1758265327.652722,1.0
1758265327.6839428,1.0
1758265327.7062132,1.0
1758265327.7259429,1.0
1758265327.7564785,1.0
1758265327.778861,1.0
1758265327.8021307,1.0
1758265327.8255308,1.0
1758265327.8478255,1.0
1758265327.8848326,1.0
1758265327.9072244,1.0
1758265327.9477532,1.0
1758265327.9904215,1.0
1758265328.0492816,1.0
1758265328.0962257,1.0
1758265328.158015,1.0
1758265328.2162812,1.0
1758265328.2732995,1.0
1758265328.332489,1.0
1758265328.3904567,1.0
1758265328.4489806,1.0
1758265328.5069296,1.0
1758265328.5647306,1.0
1758265328.625153,1.0
1758265328.687878,1.0
1758265328.7461908,1.0
1758265328.8048854,1.0
1758265328.8627586,1.0
1758265328.9221306,1.0
1758265328.983909,1.0
1758265329.042329,1.0
1758265329.101948,1.0
1758265329.1603146,1.0
1758265329.2188082,1.0
1758265329.2728183,1.0
1758265329.3316596,1.0
1758265329.3709488,1.0
1758265329.40092,1.0
1758265329.4371705,1.0
1758265329.4967413,1.0
1758265329.557204,1.0
1758265329.6173384,1.0
1758265329.6755276,1.0
1758265329.7150013,1.0
1758265329.7559266,1.0
1758265329.7953975,1.0
1758265329.8191118,1.0
1758265329.8596852,1.0
1758265329.8840725,1.0
1758265329.9085073,1.0
1758265329.932618,1.0
1758265329.9571455,1.0
1758265329.9813173,1.0
1758265330.002854,1.0
1758265330.0379357,1.0
1758265330.0965586,1.0
1758265330.1429212,1.0
1758265330.196629,1.0
1758265330.2408643,1.0
1758265330.2954817,1.0
1758265330.3501554,1.0
1758265330.4053273,1.0
1758265330.4605498,1.0
1758265330.5164573,1.0
1758265330.5727746,1.0
1758265330.6286638,1.0
1758265330.684611,1.0
1758265330.7406292,1.0
1758265330.7964852,1.0
1758265330.852948,1.0
1758265330.909928,1.0
1758265330.9662158,1.0
1758265331.000923,1.0
1758265331.0581622,1.0
1758265331.1143,1.0
1758265331.1701775,1.0
1758265331.2265718,1.0
1758265331.2853794,1.0
1758265331.342033,1.0
1758265331.395299,1.0
1758265331.4507759,1.0
1758265331.507171,1.0
1758265331.5624774,1.0
1758265331.6186674,1.0
1758265331.6762285,1.0
1758265331.7349064,1.0
1758265331.783169,1.0
1758265331.8390987,1.0
1758265331.8937416,1.0
1758265331.9485989,1.0
1758265332.0031862,1.0
1758265332.0591552,1.0
1758265332.115448,1.0
1758265332.1713617,1.0
1758265332.22752,1.0
1758265332.28366,1.0
1758265332.3396897,1.0
1758265332.3956208,1.0
1758265332.4520614,1.0
1758265332.5090115,1.0
1758265332.5683227,1.0
1758265332.6218166,1.0
1758265332.6908772,1.0
1758265332.7459536,1.0
1758265332.8065042,1.0
1758265332.8657618,1.0
1758265332.917877,1.0
1758265332.9793265,1.0
1758265333.0346663,1.0
1758265333.0919085,1.0
1758265333.1511114,1.0
1758265333.2107189,1.0
1758265333.2698112,1.0
1758265333.3305438,1.0
1758265333.3862436,1.0
1758265333.4454455,1.0
1758265333.5051703,1.0
1758265333.5619185,1.0
1758265333.6208682,1.0
1758265333.6839967,1.0
1758265333.7405174,1.0
1758265333.7984464,1.0
1758265333.8603525,1.0
1758265333.920721,1.0
1758265333.9834712,1.0
1758265334.0463457,1.0
1758265334.0966341,1.0
1758265334.1557617,1.0
1758265334.212686,1.0
1758265334.2705846,1.0
1758265334.3273108,1.0
1758265334.3913305,1.0
1758265334.4453032,1.0
1758265334.5046146,1.0
1758265334.5640347,1.0
1758265334.6284544,1.0
1758265334.6916978,1.0
1758265334.7552972,1.0
1758265334.8185208,1.0
1758265334.8821023,1.0
1758265334.945639,1.0
1758265335.007149,1.0
1758265335.0692365,1.0
1758265335.1259282,1.0
1758265335.1841388,1.0
1758265335.2425783,1.0
1758265335.3035183,1.0
1758265335.362305,1.0
1758265335.4203336,1.0
1758265335.480356,1.0
1758265335.5392146,1.0
1758265335.6005056,1.0
1758265335.6615968,1.0
1758265335.7232528,1.0
1758265335.785088,1.0
1758265335.8417435,1.0
1758265335.9012277,1.0
1758265335.9619908,1.0
1758265336.0161269,1.0
1758265336.038864,1.0
1758265336.0582879,1.0
1758265336.0771313,1.0
1758265336.096024,1.0
1758265336.1153374,1.0
1758265336.1350498,1.0
1758265336.1587896,1.0
1758265336.181691,1.0
1758265336.2068007,1.0
1758265336.230842,1.0
1758265336.2553787,1.0
1758265336.2768931,1.0
1758265336.3004577,1.0
1758265336.3593283,1.0
1758265336.4229722,1.0
1758265336.4863667,1.0
1758265336.544422,1.0
1758265336.6074605,1.0
1758265336.6704972,1.0
1758265336.731451,1.0
1758265336.7875533,1.0
1758265336.843644,1.0
1758265336.89688,1.0
1758265336.953154,1.0
1758265337.0110233,1.0
1758265337.0678482,1.0
1758265337.1262927,1.0
1758265337.178375,1.0
1758265337.2347212,1.0
1758265337.2910554,1.0
1758265337.3469417,1.0
1758265337.4037333,1.0
1758265337.4595897,1.0
1758265337.5155678,1.0
1758265337.572211,1.0
1758265337.6280842,1.0
1758265337.6849923,1.0
1758265337.740345,1.0
1758265337.7998042,1.0
1758265337.859567,1.0
1758265337.9175217,1.0
1758265337.9704294,1.0
1758265338.0312963,1.0
1758265338.0814304,1.0
1758265338.1349132,1.0
1758265338.1903155,1.0
1758265338.2455308,1.0
1758265338.308285,1.0
1758265338.3700624,1.0
1758265338.4322171,1.0
1758265338.4952638,1.0
1758265338.5586162,1.0
1758265338.6174335,1.0
1758265338.680557,1.0
1758265338.7436569,1.0
1758265338.80692,1.0
1758265338.8473701,1.0
1758265338.8659005,1.0
1758265338.8850625,1.0
1758265338.9099815,1.0
1758265338.9324973,1.0
1758265338.958634,1.0
1758265338.992084,1.0
1758265339.0218022,1.0
1758265339.044971,1.0
1758265339.0860057,1.0
1758265339.1065705,1.0
1758265339.127305,1.0
1758265339.1628249,1.0
1758265339.1931927,1.0
1758265339.216416,1.0
1758265339.2479706,1.0
1758265339.2693217,1.0
1758265339.287863,1.0
1758265339.3072684,1.0
1758265339.3272128,1.0
1758265339.352048,1.0
1758265339.3760166,1.0
1758265339.4157004,1.0
1758265339.4345212,1.0
1758265339.461718,1.0
1758265339.484944,1.0
1758265339.5198157,1.0
1758265339.5435505,1.0
1758265339.5624926,1.0
1758265339.6025949,1.0
1758265339.6292229,1.0
1758265339.6681864,1.0
1758265339.6908731,1.0
1758265339.7110925,1.0
1758265339.7410812,1.0
1758265339.7777233,1.0
1758265339.8035254,1.0
1758265339.8229766,1.0
1758265339.842917,1.0
1758265339.8618333,1.0
1758265339.9120545,1.0
1758265339.9401362,1.0
1758265339.9901223,1.0
1758265340.0101151,1.0
1758265340.0324357,1.0
1758265340.0593736,1.0
1758265340.0942008,1.0
1758265340.1147506,1.0
1758265340.1354146,1.0
1758265340.1542313,1.0
1758265340.1736245,1.0
1758265340.1929936,1.0
1758265340.2394314,1.0
1758265340.2622817,1.0
1758265340.2964752,1.0
1758265340.3515935,1.0
1758265340.4121993,1.0
1758265340.4726405,1.0
1758265340.5296812,1.0
1758265340.5499794,1.0
1758265340.5744343,1.0
1758265340.638517,1.0
1758265340.680916,1.0
1758265340.7115946,1.0
1758265340.7444208,1.0
1758265340.7711806,1.0
1758265340.7985678,1.0
1758265340.8280005,1.0
1758265340.8479183,1.0
1758265340.868845,1.0
1758265340.8936746,1.0
1758265340.915944,1.0
1758265340.9444904,1.0
1758265341.006169,1.0
1758265341.030394,1.0
1758265341.0491467,1.0
1758265341.0683224,1.0
1758265341.0901628,1.0
1758265341.113252,1.0
1758265341.1346343,1.0
1758265341.1587365,1.0
1758265341.1867094,1.0
1758265341.2240117,1.0
1758265341.2441866,1.0
1758265341.2654026,1.0
1758265341.2867782,1.0
1758265341.3135097,1.0
1758265341.3736436,1.0
1758265341.4382868,1.0
1758265341.5024195,1.0
1758265341.5659328,1.0
1758265341.6291447,1.0
1758265341.6884296,1.0
1758265341.7364106,1.0
1758265341.7659636,1.0
1758265341.8294392,1.0
1758265341.8924649,1.0
1758265341.9556277,1.0
1758265342.0115738,1.0
1758265342.0609608,1.0
1758265342.0959337,1.0
1758265342.159837,1.0
1758265342.2230244,1.0
1758265342.2853465,1.0
1758265342.320839,1.0
1758265342.344386,1.0
1758265342.3712428,1.0
1758265342.4324808,1.0
1758265342.4809659,1.0
1758265342.5021613,1.0
1758265342.5345767,1.0
1758265342.559432,1.0
1758265342.6161942,1.0
1758265342.677106,1.0
1758265342.7375913,1.0
1758265342.800149,1.0
1758265342.8630843,1.0
1758265342.92626,1.0
1758265342.9881816,1.0
1758265343.0480783,1.0
1758265343.0697467,1.0
1758265343.1011748,1.0
1758265343.1492252,1.0
1758265343.184275,1.0
1758265343.204563,1.0
1758265343.2279844,1.0
1758265343.256165,1.0
1758265343.276051,1.0
1758265343.2989864,1.0
1758265343.3221235,1.0
1758265343.3492496,1.0
1758265343.3769073,1.0
1758265343.4029572,1.0
1758265343.4419162,1.0
1758265343.5019608,1.0
1758265343.5544698,1.0
1758265343.5971308,1.0
1758265343.6535728,1.0
1758265343.7063854,1.0
1758265343.7645807,1.0
1758265343.8235471,1.0
1758265343.8753738,1.0
1758265343.9132621,1.0
1758265343.9743962,1.0
1758265344.0294986,1.0
1758265344.0845103,1.0
1758265344.1362386,1.0
1758265344.1942616,1.0
1758265344.2542763,1.0
1758265344.3172736,1.0
1758265344.3801765,1.0
1758265344.4435022,1.0
1758265344.5066128,1.0
1758265344.5694697,1.0
1758265344.6322377,1.0
1758265344.695011,1.0
1758265344.7575881,1.0
1758265344.8203347,1.0
1758265344.883123,1.0
1758265344.9427187,1.0
1758265345.0037136,1.0
1758265345.0665014,1.0
1758265345.129411,1.0
1758265345.192574,1.0
1758265345.2549324,1.0
1758265345.3177712,1.0
1758265345.3806205,1.0
1758265345.443435,1.0
1758265345.504352,1.0
1758265345.559845,1.0
1758265345.6171718,1.0
1758265345.674483,1.0
1758265345.733361,1.0
1758265345.790606,1.0
1758265345.8478172,1.0
1758265345.9067934,1.0
1758265345.9646242,1.0
1758265346.0154603,1.0
1758265346.069158,1.0
1758265346.116397,1.0
1758265346.1716647,1.0
1758265346.22735,1.0
1758265346.2863483,1.0
1758265346.3422775,1.0
1758265346.3993676,1.0
1758265346.4574034,1.0
1758265346.5149772,1.0
1758265346.570653,1.0
1758265346.6254814,1.0
1758265346.6810849,1.0
1758265346.736651,1.0
1758265346.7968283,1.0
1758265346.8528633,1.0
1758265346.901904,1.0
1758265346.945444,1.0
1758265347.001984,1.0
1758265347.0565999,1.0
1758265347.1112208,1.0
1758265347.166946,1.0
1758265347.222827,1.0
1758265347.279397,1.0
1758265347.3353734,1.0
1758265347.3912642,1.0
1758265347.4472709,1.0
1758265347.5031068,1.0
1758265347.5590065,1.0
1758265347.6175835,1.0
1758265347.67765,1.0
1758265347.7393968,1.0
1758265347.7837603,1.0
1758265347.8406022,1.0
1758265347.899046,1.0
1758265347.9574068,1.0
1758265348.0123093,1.0
1758265348.0736954,1.0
1758265348.1335797,1.0
1758265348.1941786,1.0
1758265348.2542112,1.0
1758265348.3170788,1.0
1758265348.3764048,1.0
1758265348.4354703,1.0
1758265348.4881537,1.0
1758265348.543971,1.0
1758265348.5984488,1.0
1758265348.6592884,1.0
1758265348.7188678,1.0
1758265348.7648876,1.0
1758265348.8102098,1.0
1758265348.8701155,1.0
1758265348.9276865,1.0
1758265348.9914293,1.0
1758265349.0549679,1.0
1758265349.1178217,1.0
1758265349.1808999,1.0
1758265349.2381527,1.0
1758265349.3012285,1.0
1758265349.363122,1.0
1758265349.424937,1.0
1758265349.4859998,1.0
1758265349.5477493,1.0
1758265349.606376,1.0
1758265349.6669378,1.0
1758265349.7280233,1.0
1758265349.784114,1.0
1758265349.8474982,1.0
1758265349.9108489,1.0
1758265349.9745505,1.0
1758265350.0378997,1.0
1758265350.1011248,1.0
1758265350.1643648,1.0
1758265350.2259471,1.0
1758265350.2873034,1.0
1758265350.3469455,1.0
1758265350.4091585,1.0
1758265350.4718995,1.0
1758265350.534804,1.0
1758265350.5975537,1.0
1758265350.6589768,1.0
1758265350.7043529,1.0
1758265350.759532,1.0
1758265350.8098283,1.0
1758265350.855283,1.0
1758265350.9169626,1.0
1758265350.9782548,1.0
1758265351.0402255,1.0
1758265351.101422,1.0
1758265351.1591446,1.0
1758265351.1798172,1.0
1758265351.2018194,1.0
1758265351.262087,1.0
1758265351.2965698,1.0
1758265351.3151324,1.0
1758265351.3337972,1.0
1758265351.3524768,1.0
1758265351.4086323,1.0
1758265351.4719546,1.0
1758265351.5243251,1.0
1758265351.5789447,1.0
1758265351.634297,1.0
1758265351.6902072,1.0
1758265351.746182,1.0
1758265351.8021078,1.0
1758265351.8581579,1.0
1758265351.9143903,1.0
1758265351.9703405,1.0
1758265352.026272,1.0
1758265352.0828338,1.0
1758265352.1395683,1.0
1758265352.1975458,1.0
1758265352.25148,1.0
1758265352.307797,1.0
1758265352.3639119,1.0
1758265352.419998,1.0
1758265352.475841,1.0
1758265352.531276,1.0
1758265352.585954,1.0
1758265352.6406054,1.0
1758265352.6960466,1.0
1758265352.7519522,1.0
1758265352.804696,1.0
1758265352.8607519,1.0
1758265352.91672,1.0
1758265352.9726014,1.0
1758265353.028572,1.0
1758265353.0844948,1.0
1758265353.1409316,1.0
1758265353.1975574,1.0
1758265353.255725,1.0
1758265353.3143132,1.0
1758265353.373003,1.0
1758265353.431697,1.0
1758265353.491712,1.0
1758265353.5502248,1.0
1758265353.6067796,1.0
1758265353.6633883,1.0
1758265353.719257,1.0
1758265353.7752283,1.0
1758265353.8312871,1.0
1758265353.887189,1.0
1758265353.9464178,1.0
1758265354.0067875,1.0
1758265354.0653615,1.0
1758265354.1269588,1.0
1758265354.1869059,1.0
1758265354.2457845,1.0
1758265354.29396,1.0
1758265354.355591,1.0
1758265354.4116118,1.0
1758265354.4714754,1.0
1758265354.5307224,1.0
1758265354.5833118,1.0
1758265354.6458166,1.0
1758265354.7046428,1.0
1758265354.7582915,1.0
1758265354.7798247,1.0
1758265354.8237512,1.0
1758265354.8834827,1.0
1758265354.9109216,1.0
1758265354.969981,1.0
1758265355.0328588,1.0
1758265355.0949862,1.0
1758265355.158168,1.0
1758265355.2209954,1.0
1758265355.2841153,1.0
1758265355.346255,1.0
1758265355.4092066,1.0
1758265355.4718745,1.0
1758265355.5344603,1.0
1758265355.5854192,1.0
1758265355.6326802,1.0
1758265355.6707344,1.0
1758265355.7349718,1.0
1758265355.798858,1.0
1758265355.862273,1.0
1758265355.9255118,1.0
1758265355.9863634,1.0
1758265356.0496564,1.0
1758265356.113087,1.0
1758265356.1764288,1.0
1758265356.2315009,1.0
1758265356.2888415,1.0
1758265356.3520427,1.0
1758265356.4154282,1.0
1758265356.47831,1.0
1758265356.539902,1.0
1758265356.599,1.0
1758265356.6520443,1.0
1758265356.7142665,1.0
1758265356.7734022,1.0
1758265356.8313365,1.0
1758265356.8807373,1.0
1758265356.9380987,1.0
1758265356.984591,1.0
1758265357.0388598,1.0
1758265357.0968666,1.0
1758265357.1541278,1.0
1758265357.2137945,1.0
1758265357.2723143,1.0
1758265357.3271153,1.0
1758265357.3453481,1.0
1758265357.381879,1.0
1758265357.4312007,1.0
1758265357.4941666,1.0
1758265357.5529587,1.0
1758265357.6151507,1.0
1758265357.6779928,1.0
1758265357.7388084,1.0
1758265357.7952378,1.0
1758265357.8526368,1.0
1758265357.9101715,1.0
1758265357.9687917,1.0
1758265358.0258603,1.0
1758265358.0828953,1.0
1758265358.1417215,1.0
1758265358.2009292,1.0
1758265358.2541013,1.0
1758265358.3116257,1.0
1758265358.3689446,1.0
1758265358.4289505,1.0
1758265358.487059,1.0
1758265358.548266,1.0
1758265358.605793,1.0
1758265358.6631303,1.0
1758265358.7274165,1.0
1758265358.786595,1.0
1758265358.8395197,1.0
1758265358.8959045,1.0
1758265358.9520729,1.0
1758265359.0090816,1.0
1758265359.0663059,1.0
1758265359.1247752,1.0
1758265359.1820784,1.0
1758265359.239218,1.0
1758265359.296329,1.0
1758265359.3538318,1.0
1758265359.4129045,1.0
1758265359.4703972,1.0
1758265359.5286133,1.0
1758265359.5875785,1.0
1758265359.6466424,1.0
1758265359.7099903,1.0
1758265359.7695682,1.0
1758265359.833077,1.0
1758265359.896157,1.0
1758265359.9594586,1.0
1758265360.022694,1.0
1758265360.0856771,1.0
1758265360.1404378,1.0
1758265360.1987667,1.0
1758265360.2617419,1.0
1758265360.3247354,1.0
1758265360.3874223,1.0
1758265360.4505417,1.0
1758265360.5135798,1.0
1758265360.5766902,1.0
1758265360.6396184,1.0
1758265360.7026784,1.0
1758265360.7658534,1.0
1758265360.82879,1.0
1758265360.8897223,1.0
1758265360.9530663,1.0
1758265361.0159771,1.0
1758265361.0789561,1.0
1758265361.1407626,1.0
1758265361.2030532,1.0
1758265361.2659335,1.0
1758265361.3291023,1.0
1758265361.3907573,1.0
1758265361.4457853,1.0
1758265361.5022924,1.0
1758265361.562199,1.0
1758265361.619974,1.0
1758265361.680126,1.0
1758265361.7397962,1.0
1758265361.7999625,1.0
1758265361.8623877,1.0
1758265361.920646,1.0
1758265361.9807413,1.0
1758265362.0434885,1.0
1758265362.101791,1.0
1758265362.1650844,1.0
1758265362.2283053,1.0
1758265362.289666,1.0
1758265362.3509057,1.0
1758265362.4097023,1.0
1758265362.468644,1.0
1758265362.5256536,1.0
1758265362.5892785,1.0
1758265362.650729,1.0
1758265362.7143319,1.0
1758265362.77739,1.0
1758265362.8403814,1.0
1758265362.9033678,1.0
1758265362.966554,1.0
1758265363.0296028,1.0
1758265363.0925605,1.0
1758265363.1556451,1.0
1758265363.2187102,1.0
1758265363.281843,1.0
1758265363.3449674,1.0
1758265363.4072962,1.0
1758265363.4702811,1.0
1758265363.5333374,1.0
1758265363.596587,1.0
1758265363.6550477,1.0
1758265363.7182229,1.0
1758265363.7811873,1.0
1758265363.8400722,1.0
1758265363.8967671,1.0
1758265363.9534037,1.0
1758265363.9990773,1.0
1758265364.0562599,1.0
1758265364.1151288,1.0
1758265364.1735172,1.0
1758265364.2362936,1.0
1758265364.3001397,1.0
1758265364.3592322,1.0
1758265364.401965,1.0
1758265364.458528,1.0
1758265364.5069215,1.0
1758265364.5662887,1.0
1758265364.624943,1.0
1758265364.669472,1.0
1758265364.7183423,1.0
1758265364.7740965,1.0
1758265364.8303995,1.0
1758265364.8823366,1.0
1758265364.9454207,1.0
1758265365.008708,1.0
1758265365.071743,1.0
1758265365.1345105,1.0
1758265365.1978288,1.0
1758265365.2610574,1.0
1758265365.3238966,1.0
1758265365.3807967,1.0
1758265365.4025712,1.0
1758265365.4231718,1.0
1758265365.4562206,1.0
1758265365.4917297,1.0
1758265365.537541,1.0
1758265365.5987012,1.0
1758265365.6608436,1.0
1758265365.7231228,1.0
1758265365.7856927,1.0
1758265365.849117,1.0
1758265365.9103177,1.0
1758265365.973282,1.0
1758265366.041468,1.0
1758265366.0981271,1.0
1758265366.160985,1.0
1758265366.2240875,1.0
1758265366.2869384,1.0
1758265366.3499804,1.0
1758265366.4127314,1.0
1758265366.4756851,1.0
1758265366.5386274,1.0
1758265366.6004283,1.0
1758265366.6495168,1.0
1758265366.7078252,1.0
1758265366.7663035,1.0
1758265366.818093,1.0
1758265366.8784728,1.0
1758265366.93714,1.0
1758265367.0006676,1.0
1758265367.0637352,1.0
1758265367.1251109,1.0
1758265367.1839094,1.0
1758265367.2424612,1.0
1758265367.3033428,1.0
1758265367.3616655,1.0
1758265367.418668,1.0
1758265367.4635575,1.0
1758265367.522175,1.0
1758265367.5823205,1.0
1758265367.6393363,1.0
1758265367.6976821,1.0
1758265367.758274,1.0
1758265367.7995124,1.0
1758265367.8582788,1.0
1758265367.90013,1.0
1758265367.931088,1.0
1758265367.982787,1.0
1758265368.0463831,1.0
1758265368.106385,1.0
1758265368.166926,1.0
1758265368.2277217,1.0
1758265368.2886665,1.0
1758265368.3435383,1.0
1758265368.3983932,1.0
1758265368.445672,1.0
1758265368.4698832,1.0
1758265368.4938974,1.0
1758265368.545866,1.0
1758265368.6019745,1.0
1758265368.6580417,1.0
1758265368.714041,1.0
1758265368.7701192,1.0
1758265368.8261895,1.0
1758265368.8821192,1.0
1758265368.9349294,1.0
1758265368.9696937,1.0
1758265369.0016408,1.0
1758265369.0291917,1.0
1758265369.0857215,1.0
1758265369.125975,1.0
1758265369.170234,1.0
1758265369.2264018,1.0
1758265369.282826,1.0
1758265369.3396263,1.0
1758265369.3997338,1.0
1758265369.456795,1.0
1758265369.5133626,1.0
1758265369.572933,1.0
1758265369.6347342,1.0
1758265369.69279,1.0
1758265369.7519917,1.0
1758265369.8113256,1.0
1758265369.84784,1.0
1758265369.8776805,1.0
1758265369.9018884,1.0
1758265369.9507365,1.0
1758265369.9777198,1.0
1758265370.0056849,1.0
1758265370.0298803,1.0
1758265370.0808036,1.0
1758265370.1355643,1.0
1758265370.1698627,1.0
1758265370.1970172,1.0
1758265370.252735,1.0
1758265370.3087559,1.0
1758265370.3647337,1.0
1758265370.4210792,1.0
1758265370.4771776,1.0
1758265370.5331957,1.0
1758265370.5892913,1.0
1758265370.6454272,1.0
1758265370.6996334,1.0
1758265370.737673,1.0
1758265370.7618723,1.0
1758265370.785882,1.0
1758265370.8139482,1.0
1758265370.872864,1.0
1758265370.9057484,1.0
1758265370.9502726,1.0
1758265371.0138328,1.0
1758265371.0753753,1.0
1758265371.1311364,1.0
1758265371.1905003,1.0
1758265371.2501106,1.0
1758265371.3103752,1.0
1758265371.3580258,1.0
1758265371.381841,1.0
1758265371.4058926,1.0
1758265371.4298913,1.0
1758265371.477556,1.0
1758265371.5369697,1.0
1758265371.5956674,1.0
1758265371.6543186,1.0
1758265371.7138104,1.0
1758265371.772901,1.0
1758265371.8320987,1.0
1758265371.8896186,1.0
1758265371.9493785,1.0
1758265372.0080988,1.0
1758265372.0674915,1.0
1758265372.12675,1.0
1758265372.1656954,1.0
1758265372.18987,1.0
1758265372.213875,1.0
1758265372.2378678,1.0
1758265372.261881,1.0
1758265372.2897854,1.0
1758265372.313343,1.0
1758265372.3544302,1.0
1758265372.3909054,1.0
1758265372.4475791,1.0
1758265372.5076187,1.0
1758265372.5620232,1.0
1758265372.5936892,1.0
1758265372.6178892,1.0
1758265372.6418982,1.0
1758265372.6658933,1.0
1758265372.689979,1.0
1758265372.7138948,1.0
1758265372.7369509,1.0
1758265372.7656963,1.0
1758265372.789914,1.0
1758265372.846557,1.0
1758265372.910579,1.0
1758265372.963834,1.0
1758265373.0230422,1.0
1758265373.081697,1.0
1758265373.1217008,1.0
1758265373.1458972,1.0
1758265373.1777096,1.0
1758265373.201901,1.0
1758265373.2337673,1.0
1758265373.257918,1.0
1758265373.2856965,1.0
1758265373.3099236,1.0
1758265373.3590758,1.0
1758265373.4174705,1.0
1758265373.4805632,1.0
1758265373.5433943,1.0
1758265373.6064231,1.0
1758265373.6699135,1.0
1758265373.7303627,1.0
1758265373.7777605,1.0
1758265373.8056858,1.0
1758265373.8298829,1.0
1758265373.8840861,1.0
1758265373.947248,1.0
1758265374.0107048,1.0
1758265374.073744,1.0
1758265374.1371734,1.0
1758265374.20035,1.0
1758265374.263196,1.0
1758265374.3263738,1.0
1758265374.389896,1.0
1758265374.4531338,1.0
1758265374.5166488,1.0
1758265374.5794914,1.0
1758265374.6410565,1.0
1758265374.701609,1.0
1758265374.7623572,1.0
1758265374.8221684,1.0
1758265374.8856876,1.0
1758265374.9487815,1.0
1758265375.0121129,1.0
1758265375.0710495,1.0
1758265375.132715,1.0
1758265375.189321,1.0
1758265375.2464175,1.0
1758265375.303628,1.0
1758265375.3604562,1.0
1758265375.4174047,1.0
1758265375.475694,1.0
1758265375.5378501,1.0
1758265375.6013486,1.0
1758265375.6638308,1.0
1758265375.7214868,1.0
1758265375.7774398,1.0
1758265375.8332393,1.0
1758265375.8903322,1.0
1758265375.9474154,1.0
1758265376.0038445,1.0
1758265376.0622737,1.0
1758265376.1203823,1.0
1758265376.1835394,1.0
1758265376.2463603,1.0
1758265376.3091333,1.0
1758265376.3721821,1.0
1758265376.4339318,1.0
1758265376.4968462,1.0
1758265376.5597796,1.0
1758265376.6230302,1.0
1758265376.6857784,1.0
1758265376.7487767,1.0
1758265376.8117135,1.0
1758265376.8709838,1.0
1758265376.9248505,1.0
1758265376.9827354,1.0
1758265377.0414445,1.0
1758265377.1048045,1.0
1758265377.1669517,1.0
1758265377.210716,1.0
1758265377.2447176,1.0
1758265377.264184,1.0
1758265377.296193,1.0
1758265377.31996,1.0
1758265377.364824,1.0
1758265377.3847184,1.0
1758265377.4227583,1.0
1758265377.486773,1.0
1758265377.5503385,1.0
1758265377.6141016,1.0
1758265377.6777291,1.0
1758265377.741272,1.0
1758265377.8045607,1.0
1758265377.8672137,1.0
1758265377.9308693,1.0
1758265377.9943297,1.0
1758265378.0566845,1.0
1758265378.117963,1.0
1758265378.186876,1.0
1758265378.244491,1.0
1758265378.3080716,1.0
1758265378.3709915,1.0
1758265378.4338527,1.0
1758265378.4931173,1.0
1758265378.552337,1.0
1758265378.5990674,1.0
1758265378.6466951,1.0
1758265378.710144,1.0
1758265378.7721353,1.0
1758265378.8314369,1.0
1758265378.8895588,1.0
1758265378.9502566,1.0
1758265378.9503021,0.0
