time,value
1750443766.810271,2.0
1750443766.8249822,3.0
1750443766.8395479,3.0
1750443766.854225,3.0
1750443766.8687148,3.0
1750443766.879194,2.0
1750443766.8937373,3.0
1750443766.9082923,3.0
1750443766.9228203,3.0
1750443766.937321,3.0
1750443766.951887,3.0
1750443766.9663906,3.0
1750443766.980933,3.0
1750443766.9954314,3.0
1750443767.0099275,3.0
1750443767.0244348,3.0
1750443767.038973,3.0
1750443767.053466,3.0
1750443767.0679836,3.0
1750443767.0825393,3.0
1750443767.097067,3.0
1750443767.1115916,3.0
1750443767.1261044,3.0
1750443767.1406333,3.0
1750443767.1551685,3.0
1750443767.1696768,3.0
1750443767.1841748,3.0
1750443767.1986825,3.0
1750443767.2131965,3.0
1750443767.2277112,3.0
1750443767.2422166,3.0
1750443767.25672,3.0
1750443767.2712364,3.0
1750443767.2857327,3.0
1750443767.3002532,3.0
1750443767.314821,3.0
1750443767.3293355,3.0
1750443767.3438263,3.0
1750443767.3583698,3.0
1750443767.3728774,3.0
1750443767.3874028,3.0
1750443767.4019704,3.0
1750443767.4164824,3.0
1750443767.4310255,3.0
1750443767.4455264,3.0
1750443767.4600465,3.0
1750443767.4704928,2.0
1750443767.4815967,2.0
1750443767.4960463,3.0
1750443767.5105317,3.0
1750443767.5214374,2.0
1750443767.5358872,3.0
1750443767.5503607,3.0
1750443767.5650582,3.0
1750443767.5794652,3.0
1750443767.593885,3.0
1750443767.6083293,3.0
1750443767.6227486,3.0
1750443767.637154,3.0
1750443767.6515331,3.0
1750443767.6660285,3.0
1750443767.680428,3.0
1750443767.6948502,3.0
1750443767.7093084,3.0
1750443767.723719,3.0
1750443767.7381282,3.0
1750443767.7525375,3.0
1750443767.7629356,2.0
1750443767.7733512,1.0
1750443767.7880917,2.0
1750443767.8025367,3.0
1750443767.816916,3.0
1750443767.8313308,3.0
1750443767.845821,3.0
1750443767.8602748,3.0
1750443767.8746665,3.0
1750443767.8890588,3.0
1750443767.9034588,3.0
1750443767.9178615,3.0
1750443767.932255,3.0
1750443767.9469533,3.0
1750443767.9613385,3.0
1750443767.975719,3.0
1750443767.9901102,3.0
1750443768.00448,3.0
1750443768.0188682,3.0
1750443768.033286,3.0
1750443768.0476592,3.0
1750443768.0620677,3.0
1750443768.0764713,3.0
1750443768.0908773,3.0
1750443768.1053512,3.0
1750443768.119814,3.0
1750443768.1343403,3.0
1750443768.1488469,3.0
1750443768.163352,3.0
1750443768.1778417,3.0
1750443768.1923144,3.0
1750443768.2068124,3.0
1750443768.2213125,3.0
1750443768.2357962,3.0
1750443768.2502704,3.0
1750443768.2647712,3.0
1750443768.279251,3.0
1750443768.2937553,3.0
1750443768.308278,3.0
1750443768.322792,3.0
1750443768.3372798,3.0
1750443768.3517592,3.0
1750443768.3662443,3.0
1750443768.3807473,3.0
1750443768.3952467,3.0
1750443768.409755,3.0
1750443768.4242327,3.0
1750443768.4387724,3.0
1750443768.4532652,3.0
1750443768.4680414,3.0
1750443768.4790225,2.0
1750443768.493507,3.0
1750443768.5080845,3.0
1750443768.5185134,2.0
1750443768.5329278,3.0
1750443768.5474417,3.0
1750443768.5620923,3.0
1750443768.5765762,3.0
1750443768.5910943,3.0
1750443768.6103702,3.0
1750443768.6215298,2.0
1750443768.6360543,3.0
1750443768.6505654,3.0
1750443768.6662014,3.0
1750443768.6768677,2.0
1750443768.6896834,2.0
1750443768.7025642,2.0
1750443768.7154498,2.0
1750443768.7282844,2.0
1750443768.7411666,2.0
1750443768.7540257,2.0
1750443768.7721848,2.0
1750443768.7859576,1.0
1750443768.8005643,3.0
1750443768.8108804,2.0
1750443768.8224714,2.0
1750443768.8359506,2.0
1750443768.849713,2.0
1750443768.8635635,2.0
1750443768.8773324,2.0
1750443768.8910873,2.0
1750443768.9048288,2.0
1750443768.918603,2.0
1750443768.9323747,2.0
1750443768.9461908,2.0
1750443768.9600103,2.0
1750443768.9734793,2.0
1750443768.9865336,2.0
1750443768.9995668,2.0
1750443769.012462,2.0
1750443769.0255644,2.0
1750443769.0384283,2.0
1750443769.051301,2.0
1750443769.0640967,2.0
1750443769.0769405,2.0
1750443769.0898678,2.0
1750443769.10261,2.0
1750443769.115308,2.0
1750443769.1281838,2.0
1750443769.140867,2.0
1750443769.1536748,2.0
1750443769.1664808,2.0
1750443769.1791177,2.0
1750443769.1919827,2.0
1750443769.2047708,2.0
1750443769.217473,2.0
1750443769.23019,2.0
1750443769.242927,2.0
1750443769.2555985,2.0
1750443769.268285,2.0
1750443769.2810466,2.0
1750443769.2937634,2.0
1750443769.3063583,2.0
1750443769.3189664,2.0
1750443769.3315945,2.0
1750443769.3443406,2.0
1750443769.3569782,2.0
1750443769.36959,2.0
1750443769.3823564,2.0
1750443769.3950052,2.0
1750443769.4077296,2.0
1750443769.4203339,2.0
1750443769.432884,2.0
1750443769.445372,2.0
1750443769.458109,2.0
1750443769.4747303,2.0
1750443769.486613,2.0
1750443769.4989572,2.0
1750443769.5139065,2.0
1750443769.5257246,2.0
1750443769.5384157,2.0
1750443769.5518892,2.0
1750443769.5642796,2.0
1750443769.577031,2.0
1750443769.589707,2.0
1750443769.6024015,2.0
1750443769.615063,2.0
1750443769.6278155,2.0
1750443769.6403518,2.0
1750443769.6531885,2.0
1750443769.6659417,2.0
1750443769.6786554,2.0
1750443769.6912947,2.0
1750443769.7039752,2.0
1750443769.7167304,2.0
1750443769.7293591,2.0
1750443769.7419603,2.0
1750443769.7558262,2.0
1750443769.7679708,2.0
1750443769.7817855,1.0
1750443769.799634,1.0
1750443769.8111336,2.0
1750443769.82293,2.0
1750443769.835204,2.0
1750443769.8479133,2.0
1750443769.8606052,2.0
1750443769.8732085,2.0
1750443769.8860145,2.0
1750443769.8985517,2.0
1750443769.911302,2.0
1750443769.9237654,2.0
1750443769.936439,2.0
1750443769.94911,2.0
1750443769.9619415,2.0
1750443769.9746103,2.0
1750443769.9873192,2.0
1750443769.9999282,2.0
1750443770.012388,2.0
1750443770.025052,2.0
1750443770.0377696,2.0
1750443770.0503466,2.0
1750443770.0629451,2.0
1750443770.0754464,2.0
1750443770.0880864,2.0
1750443770.100657,2.0
1750443770.1132174,2.0
1750443770.1258295,2.0
1750443770.138338,2.0
1750443770.15095,2.0
1750443770.1633992,2.0
1750443770.17603,2.0
1750443770.188708,2.0
1750443770.2013159,2.0
1750443770.2142577,2.0
1750443770.226913,2.0
1750443770.2395024,2.0
1750443770.251999,2.0
1750443770.2647436,2.0
1750443770.2773843,2.0
1750443770.28995,2.0
1750443770.3024766,2.0
1750443770.3151762,2.0
1750443770.327891,2.0
1750443770.3403542,2.0
1750443770.3530164,2.0
1750443770.3655925,2.0
1750443770.3783367,2.0
1750443770.3909442,2.0
1750443770.40358,2.0
1750443770.4161193,2.0
1750443770.4288142,2.0
1750443770.4414668,2.0
1750443770.454072,2.0
1750443770.4666686,2.0
1750443770.477267,1.0
1750443770.489025,2.0
1750443770.5012188,2.0
1750443770.5151005,2.0
1750443770.5272822,2.0
1750443770.5399733,2.0
1750443770.552908,2.0
1750443770.5653634,2.0
1750443770.5778928,2.0
1750443770.5905063,2.0
1750443770.6032276,2.0
1750443770.615934,2.0
1750443770.6285243,2.0
1750443770.6410382,2.0
1750443770.6537468,2.0
1750443770.66639,2.0
1750443770.6801696,2.0
1750443770.6933436,2.0
1750443770.708469,2.0
1750443770.719431,2.0
1750443770.7303798,2.0
1750443770.7413268,2.0
1750443770.7522526,2.0
1750443770.7640588,2.0
1750443770.7776556,2.0
1750443770.7886393,2.0
1750443770.7996023,2.0
1750443770.8105655,2.0
1750443770.821522,2.0
1750443770.832491,2.0
1750443770.843411,2.0
1750443770.854377,2.0
1750443770.8653965,2.0
1750443770.876354,2.0
1750443770.8873308,2.0
1750443770.898276,2.0
1750443770.9092357,2.0
1750443770.9201899,2.0
1750443770.9311616,2.0
1750443770.9421256,2.0
1750443770.953067,2.0
1750443770.9639974,2.0
1750443770.975583,2.0
1750443770.9865057,2.0
1750443770.9975147,2.0
1750443771.0084646,2.0
1750443771.0194542,2.0
1750443771.030398,2.0
1750443771.0413868,2.0
1750443771.0523543,2.0
1750443771.063336,2.0
1750443771.0742788,2.0
1750443771.0852501,2.0
1750443771.096204,2.0
1750443771.1071541,2.0
1750443771.1180863,2.0
1750443771.1290596,2.0
1750443771.1400123,2.0
1750443771.151002,2.0
1750443771.161958,2.0
1750443771.1729007,2.0
1750443771.1838589,2.0
1750443771.194805,2.0
1750443771.205783,2.0
1750443771.2167602,2.0
1750443771.2277017,2.0
1750443771.2386656,2.0
1750443771.249593,2.0
1750443771.2605464,2.0
1750443771.27157,2.0
1750443771.2825317,2.0
1750443771.2935047,2.0
1750443771.3044362,2.0
1750443771.3153937,2.0
1750443771.3263755,2.0
1750443771.337356,2.0
1750443771.3482943,2.0
1750443771.3592763,2.0
1750443771.3702395,2.0
1750443771.381192,2.0
1750443771.3921406,2.0
1750443771.4031057,2.0
1750443771.4141176,2.0
1750443771.425079,2.0
1750443771.4360423,2.0
1750443771.4470258,2.0
1750443771.4580455,2.0
1750443771.4728453,2.0
1750443771.4835346,2.0
1750443771.4947777,2.0
1750443771.5057771,2.0
1750443771.518298,2.0
1750443771.529243,2.0
1750443771.5402052,2.0
1750443771.5516717,2.0
1750443771.5625744,2.0
1750443771.5735612,2.0
1750443771.5845385,2.0
1750443771.5955198,2.0
1750443771.6065092,2.0
1750443771.6175206,2.0
1750443771.6286082,2.0
1750443771.6395793,2.0
1750443771.6505451,2.0
1750443771.6615415,2.0
1750443771.672618,2.0
1750443771.683594,2.0
1750443771.6945603,2.0
1750443771.7055264,2.0
1750443771.7164962,2.0
1750443771.7274785,2.0
1750443771.7384694,2.0
1750443771.7493978,2.0
1750443771.7616265,2.0
1750443771.7726543,2.0
1750443771.783749,2.0
1750443771.7947085,2.0
1750443771.8056848,2.0
1750443771.816656,2.0
1750443771.827604,2.0
1750443771.8386075,2.0
1750443771.850707,2.0
1750443771.861593,2.0
1750443771.8725636,2.0
1750443771.8835158,2.0
1750443771.8945048,2.0
1750443771.905466,2.0
1750443771.9164197,2.0
1750443771.9273746,2.0
1750443771.938328,2.0
1750443771.9492934,2.0
1750443771.9602108,2.0
1750443771.9717715,2.0
1750443771.982721,2.0
1750443771.9936707,2.0
1750443772.0046103,2.0
1750443772.015566,2.0
1750443772.0265267,2.0
1750443772.0375707,2.0
1750443772.0484908,2.0
1750443772.0594797,2.0
1750443772.070568,2.0
1750443772.0815644,2.0
1750443772.0925674,2.0
1750443772.1035318,2.0
1750443772.1145172,2.0
1750443772.125476,2.0
1750443772.1364083,2.0
1750443772.147367,2.0
1750443772.1583216,2.0
1750443772.1692896,2.0
1750443772.1802628,2.0
1750443772.1912405,2.0
1750443772.202204,2.0
1750443772.2131321,2.0
1750443772.2241018,2.0
1750443772.2350953,2.0
1750443772.2460406,2.0
1750443772.256992,2.0
1750443772.2680264,2.0
1750443772.278994,2.0
1750443772.2899911,2.0
1750443772.3009262,2.0
1750443772.3119168,2.0
1750443772.3228972,2.0
1750443772.3338907,2.0
1750443772.344844,2.0
1750443772.3558211,2.0
1750443772.3667674,2.0
1750443772.3777137,2.0
1750443772.388657,2.0
1750443772.3996413,2.0
1750443772.410592,2.0
1750443772.4215353,2.0
1750443772.4325128,2.0
1750443772.4434962,2.0
1750443772.454452,2.0
1750443772.4654047,2.0
1750443772.479764,2.0
1750443772.490673,2.0
1750443772.501629,2.0
1750443772.5142152,2.0
1750443772.5250118,2.0
1750443772.535991,2.0
1750443772.5469391,2.0
1750443772.5583284,2.0
1750443772.5693243,2.0
1750443772.580283,2.0
1750443772.5912519,2.0
1750443772.6021745,2.0
1750443772.6131597,2.0
1750443772.6241994,2.0
1750443772.6350932,2.0
1750443772.646047,2.0
1750443772.657003,2.0
1750443772.6680996,2.0
1750443772.6790175,2.0
1750443772.691528,2.0
1750443772.704544,2.0
1750443772.715554,2.0
1750443772.7265308,2.0
1750443772.7374623,2.0
1750443772.748402,2.0
1750443772.7605789,2.0
1750443772.771709,2.0
1750443772.7827291,2.0
1750443772.7936985,2.0
1750443772.8046412,2.0
1750443772.8156216,2.0
1750443772.8265743,2.0
1750443772.837588,2.0
1750443772.8485518,2.0
1750443772.8595443,2.0
1750443772.8713927,2.0
1750443772.8823538,2.0
1750443772.8933127,2.0
1750443772.9042413,2.0
1750443772.9152567,2.0
1750443772.9261994,2.0
1750443772.9371686,2.0
1750443772.948142,2.0
1750443772.9590993,2.0
1750443772.9700816,2.0
1750443772.9810102,2.0
1750443772.9919662,2.0
1750443773.0029192,2.0
1750443773.0138779,2.0
1750443773.024846,2.0
1750443773.0357754,2.0
1750443773.0467727,2.0
1750443773.0577404,2.0
1750443773.0687,2.0
1750443773.079701,2.0
1750443773.0906782,2.0
1750443773.1016464,2.0
1750443773.1126049,2.0
1750443773.1235733,2.0
1750443773.1345792,2.0
1750443773.1455986,2.0
1750443773.156561,2.0
1750443773.1675034,2.0
1750443773.1784697,2.0
1750443773.189446,2.0
1750443773.2003782,2.0
1750443773.2113495,2.0
1750443773.2223034,2.0
1750443773.2332804,2.0
1750443773.244227,2.0
1750443773.255211,2.0
1750443773.2662013,2.0
1750443773.2771492,2.0
1750443773.2880921,2.0
1750443773.2991002,2.0
1750443773.3100874,2.0
1750443773.3210459,2.0
1750443773.3319967,2.0
1750443773.343002,2.0
1750443773.3539917,2.0
1750443773.364948,2.0
1750443773.375942,2.0
1750443773.3869448,2.0
1750443773.3979473,2.0
1750443773.4088728,2.0
1750443773.4198422,2.0
1750443773.4308062,2.0
1750443773.4418337,2.0
1750443773.4527838,2.0
1750443773.463748,2.0
1750443773.4761395,2.0
1750443773.487137,2.0
1750443773.4980922,2.0
1750443773.509219,2.0
1750443773.52107,2.0
1750443773.5319107,2.0
1750443773.5428662,2.0
1750443773.5538414,2.0
1750443773.564976,2.0
1750443773.5758948,2.0
1750443773.586869,2.0
1750443773.5979643,2.0
1750443773.608923,2.0
1750443773.6198804,2.0
1750443773.630857,2.0
1750443773.6418314,2.0
1750443773.6528225,2.0
1750443773.6642053,2.0
1750443773.6751592,2.0
1750443773.6861136,2.0
1750443773.6970458,2.0
1750443773.7080228,2.0
1750443773.7189336,2.0
1750443773.7299092,2.0
1750443773.7408543,2.0
1750443773.7517798,2.0
1750443773.763598,2.0
1750443773.7758896,2.0
1750443773.7868752,2.0
1750443773.7978246,2.0
1750443773.8087697,2.0
1750443773.819747,2.0
1750443773.8306885,2.0
1750443773.8416674,2.0
1750443773.8526893,2.0
1750443773.8636382,2.0
1750443773.8746219,2.0
1750443773.8855727,2.0
1750443773.896525,2.0
1750443773.9074996,2.0
1750443773.918507,2.0
1750443773.9294407,2.0
1750443773.9404104,2.0
1750443773.9513884,2.0
1750443773.9627283,2.0
1750443773.973714,2.0
1750443773.9849086,2.0
1750443773.996336,2.0
1750443774.0072958,2.0
1750443774.0182405,2.0
1750443774.029238,2.0
1750443774.0401928,2.0
1750443774.051153,2.0
1750443774.0621438,2.0
1750443774.0731292,2.0
1750443774.084078,2.0
1750443774.095038,2.0
1750443774.1059954,2.0
1750443774.1169424,2.0
1750443774.1279056,2.0
1750443774.1389146,2.0
1750443774.1498675,2.0
1750443774.1608317,2.0
1750443774.1717951,2.0
1750443774.18275,2.0
1750443774.1937206,2.0
1750443774.2046661,2.0
1750443774.2156396,2.0
1750443774.2265816,2.0
1750443774.237569,2.0
1750443774.2485452,2.0
1750443774.259487,2.0
1750443774.2705026,2.0
1750443774.2814772,2.0
1750443774.2924762,2.0
1750443774.3034542,2.0
1750443774.314426,2.0
1750443774.3253846,2.0
1750443774.3363504,2.0
1750443774.3473337,2.0
1750443774.358301,2.0
1750443774.3692288,2.0
1750443774.3801985,2.0
1750443774.3911378,2.0
1750443774.4020994,2.0
1750443774.413022,2.0
1750443774.4239662,2.0
1750443774.434936,2.0
1750443774.4459045,2.0
1750443774.456864,2.0
1750443774.4680169,2.0
1750443774.4812846,2.0
1750443774.4922283,2.0
1750443774.503175,2.0
1750443774.5155563,2.0
1750443774.52639,2.0
1750443774.5373418,2.0
1750443774.548305,2.0
1750443774.5594442,2.0
1750443774.5703971,2.0
1750443774.581357,2.0
1750443774.5923123,2.0
1750443774.603445,2.0
1750443774.614416,2.0
1750443774.6253843,2.0
1750443774.6362813,2.0
1750443774.6472366,2.0
1750443774.6581872,2.0
1750443774.6692708,2.0
1750443774.680243,2.0
1750443774.691206,2.0
1750443774.7036908,2.0
1750443774.7165346,2.0
1750443774.7275329,2.0
1750443774.738505,2.0
1750443774.7495155,2.0
1750443774.7616951,2.0
1750443774.7797675,2.0
1750443774.7954745,1.0
1750443774.8060682,2.0
1750443774.8169823,2.0
1750443774.8278785,2.0
1750443774.8387434,2.0
1750443774.850211,2.0
1750443774.8610778,2.0
1750443774.8719802,2.0
1750443774.8828948,2.0
1750443774.8937774,2.0
1750443774.9046526,2.0
1750443774.915633,2.0
1750443774.9265635,2.0
1750443774.9374466,2.0
1750443774.9483716,2.0
1750443774.959281,2.0
1750443774.9702158,2.0
1750443774.9810648,2.0
1750443774.9919786,2.0
1750443775.0029418,2.0
1750443775.013839,2.0
1750443775.0246882,2.0
1750443775.0355885,2.0
1750443775.0465112,2.0
1750443775.057424,2.0
1750443775.0682957,2.0
1750443775.079234,2.0
1750443775.0901334,2.0
1750443775.1010013,2.0
1750443775.1119,2.0
1750443775.122804,2.0
1750443775.133713,2.0
1750443775.1446445,2.0
1750443775.15552,2.0
1750443775.1664448,2.0
1750443775.17731,2.0
1750443775.1881983,2.0
1750443775.1990855,2.0
1750443775.209988,2.0
1750443775.2208507,2.0
1750443775.2317405,2.0
1750443775.2426436,2.0
1750443775.2535102,2.0
1750443775.2643988,2.0
1750443775.2752702,2.0
1750443775.286181,2.0
1750443775.2970874,2.0
1750443775.3080008,2.0
1750443775.318874,2.0
1750443775.3308976,2.0
1750443775.3417566,2.0
1750443775.352671,2.0
1750443775.3635895,2.0
1750443775.3744795,2.0
1750443775.385377,2.0
1750443775.3962426,2.0
1750443775.4071717,2.0
1750443775.4180703,2.0
1750443775.4289906,2.0
1750443775.4398627,2.0
1750443775.450765,2.0
1750443775.4616492,2.0
1750443775.473212,2.0
1750443775.484823,2.0
1750443775.4960833,2.0
1750443775.507013,2.0
1750443775.5179052,2.0
1750443775.5296104,2.0
1750443775.540504,2.0
1750443775.5513754,2.0
1750443775.5626183,2.0
1750443775.573466,2.0
1750443775.584332,2.0
1750443775.5951917,2.0
1750443775.606115,2.0
1750443775.6169775,2.0
1750443775.627876,2.0
1750443775.6387703,2.0
1750443775.6496341,2.0
1750443775.6604962,2.0
1750443775.67166,2.0
1750443775.6825526,2.0
1750443775.6934674,2.0
1750443775.7043486,2.0
1750443775.7152607,2.0
1750443775.7261786,2.0
1750443775.7370436,2.0
1750443775.747898,2.0
1750443775.7596347,2.0
1750443775.7704382,2.0
1750443775.7813506,2.0
1750443775.7922897,2.0
1750443775.8032174,2.0
1750443775.8141305,2.0
1750443775.825014,2.0
1750443775.835953,2.0
1750443775.8469517,2.0
1750443775.8578417,2.0
1750443775.8687737,2.0
1750443775.8796802,2.0
1750443775.8905725,2.0
1750443775.9014711,2.0
1750443775.9123871,2.0
1750443775.9232783,2.0
1750443775.934198,2.0
1750443775.9450595,2.0
1750443775.955981,2.0
1750443775.9668894,2.0
1750443775.9777813,2.0
1750443775.9886448,2.0
1750443775.999564,2.0
1750443776.010868,2.0
1750443776.0217178,2.0
1750443776.0326133,2.0
1750443776.0435135,2.0
1750443776.054381,2.0
1750443776.065277,2.0
1750443776.0761628,2.0
1750443776.087088,2.0
1750443776.0979397,2.0
1750443776.1088645,2.0
1750443776.1197326,2.0
1750443776.1306288,2.0
1750443776.1415043,2.0
1750443776.1523771,2.0
1750443776.1632829,2.0
1750443776.1741688,2.0
1750443776.18506,2.0
1750443776.195953,2.0
1750443776.2068236,2.0
1750443776.217713,2.0
1750443776.2286043,2.0
1750443776.2394938,2.0
1750443776.2503855,2.0
1750443776.2612772,2.0
1750443776.2721636,2.0
1750443776.2830186,2.0
1750443776.2939212,2.0
1750443776.3048258,2.0
1750443776.315746,2.0
1750443776.3266294,2.0
1750443776.3375201,2.0
1750443776.3483846,2.0
1750443776.3592987,2.0
1750443776.3701663,2.0
1750443776.381057,2.0
1750443776.3919518,2.0
1750443776.4028494,2.0
1750443776.4137547,2.0
1750443776.4246113,2.0
1750443776.4355178,2.0
1750443776.4463928,2.0
1750443776.4572968,2.0
1750443776.468315,2.0
1750443776.4807258,2.0
1750443776.4915593,2.0
1750443776.502496,2.0
1750443776.513465,2.0
1750443776.5251546,2.0
1750443776.5361261,2.0
1750443776.5470796,2.0
1750443776.5580134,2.0
1750443776.569074,2.0
1750443776.5800114,2.0
1750443776.5909386,2.0
1750443776.6018898,2.0
1750443776.6133096,2.0
1750443776.6242867,2.0
1750443776.6351776,2.0
1750443776.6461346,2.0
1750443776.657063,2.0
1750443776.6681888,2.0
1750443776.679141,2.0
1750443776.6900961,2.0
1750443776.7010367,2.0
1750443776.712968,2.0
1750443776.7249007,2.0
1750443776.736119,2.0
1750443776.7470503,2.0
1750443776.7588696,2.0
1750443776.7696717,2.0
1750443776.7805514,2.0
1750443776.793041,1.0
1750443776.8063726,1.0
1750443776.8177342,2.0
1750443776.8286335,2.0
1750443776.8395393,2.0
1750443776.850484,2.0
1750443776.8613555,2.0
1750443776.8722835,2.0
1750443776.8831646,2.0
1750443776.894082,2.0
1750443776.9049826,2.0
1750443776.9159136,2.0
1750443776.9268436,2.0
1750443776.9377325,2.0
1750443776.9486027,2.0
1750443776.959522,2.0
1750443776.970395,2.0
1750443776.9813154,2.0
1750443776.9922097,2.0
1750443777.0030806,2.0
1750443777.0139918,2.0
1750443777.0248704,2.0
1750443777.0358071,2.0
1750443777.0466878,2.0
1750443777.0575764,2.0
1750443777.0684679,2.0
1750443777.0795262,2.0
1750443777.0903983,2.0
1750443777.1013863,2.0
1750443777.1122432,2.0
1750443777.124067,2.0
1750443777.1349046,2.0
1750443777.145796,2.0
1750443777.1566732,2.0
1750443777.1675725,2.0
1750443777.1784499,2.0
1750443777.1893396,2.0
1750443777.200205,2.0
1750443777.211136,2.0
1750443777.2220185,2.0
1750443777.2328954,2.0
1750443777.2437885,2.0
1750443777.2546587,2.0
1750443777.2655382,2.0
1750443777.276463,2.0
1750443777.287348,2.0
1750443777.2982426,2.0
1750443777.3091478,2.0
1750443777.320044,2.0
1750443777.3310165,2.0
1750443777.3418887,2.0
1750443777.3528326,2.0
1750443777.3637264,2.0
1750443777.374628,2.0
1750443777.3855333,2.0
1750443777.396412,2.0
1750443777.4072855,2.0
1750443777.4181762,2.0
1750443777.429042,2.0
1750443777.4399467,2.0
1750443777.4508746,2.0
1750443777.4617617,2.0
1750443777.4750466,2.0
1750443777.486814,2.0
1750443777.497983,2.0
1750443777.5088851,2.0
1750443777.5197742,2.0
1750443777.5312948,2.0
1750443777.5422084,2.0
1750443777.553092,2.0
1750443777.5642524,2.0
1750443777.57507,2.0
1750443777.58597,2.0
1750443777.5968442,2.0
1750443777.6077647,2.0
1750443777.6186283,2.0
1750443777.6295707,2.0
1750443777.6404643,2.0
1750443777.6513262,2.0
1750443777.6622295,2.0
1750443777.6735375,2.0
1750443777.6844373,2.0
1750443777.6953034,2.0
1750443777.7062209,2.0
1750443777.7171073,2.0
1750443777.7280066,2.0
1750443777.7389436,2.0
1750443777.7498345,2.0
1750443777.7618895,2.0
1750443777.7727604,2.0
1750443777.7836423,2.0
1750443777.7945666,2.0
1750443777.8129935,2.0
1750443777.8262534,1.0
1750443777.8368213,2.0
1750443777.8478851,2.0
1750443777.8587408,2.0
1750443777.8696523,2.0
1750443777.8805327,2.0
1750443777.8914375,2.0
1750443777.9023085,2.0
1750443777.913206,2.0
1750443777.9241486,2.0
1750443777.935029,2.0
1750443777.9459417,2.0
1750443777.956848,2.0
1750443777.9677293,2.0
1750443777.978609,2.0
1750443777.9894989,2.0
1750443778.00037,2.0
1750443778.011251,2.0
1750443778.0225527,2.0
1750443778.0334218,2.0
1750443778.0443165,2.0
1750443778.0551877,2.0
1750443778.066099,2.0
1750443778.07699,2.0
1750443778.0878816,2.0
1750443778.0987866,2.0
1750443778.1096892,2.0
1750443778.1205864,2.0
1750443778.1314557,2.0
1750443778.1423829,2.0
1750443778.1532726,2.0
1750443778.1641338,2.0
1750443778.1750379,2.0
1750443778.1859179,2.0
1750443778.1967928,2.0
1750443778.2077389,2.0
1750443778.218601,2.0
1750443778.229491,2.0
1750443778.2403538,2.0
1750443778.251249,2.0
1750443778.2621763,2.0
1750443778.2730432,2.0
1750443778.2839532,2.0
1750443778.2948472,2.0
1750443778.3057475,2.0
1750443778.3166256,2.0
1750443778.3275065,2.0
1750443778.3384013,2.0
1750443778.3493156,2.0
1750443778.36021,2.0
1750443778.3711748,2.0
1750443778.3820279,2.0
1750443778.3929265,2.0
1750443778.403819,2.0
1750443778.4147172,2.0
1750443778.425601,2.0
1750443778.4365964,2.0
1750443778.4474704,2.0
1750443778.4583511,2.0
1750443778.469521,2.0
1750443778.481695,2.0
1750443778.4925392,2.0
1750443778.5037642,2.0
1750443778.5146337,2.0
1750443778.5263577,2.0
1750443778.5372598,2.0
1750443778.5481315,2.0
1750443778.5599394,2.0
1750443778.5709422,2.0
1750443778.5818348,2.0
1750443778.592729,2.0
1750443778.603742,2.0
1750443778.6150706,1.0
1750443778.6262655,2.0
1750443778.637146,2.0
1750443778.648029,2.0
1750443778.6589403,2.0
1750443778.669985,2.0
1750443778.6808875,2.0
1750443778.691803,2.0
1750443778.702687,2.0
1750443778.7136054,2.0
1750443778.7262907,2.0
1750443778.7388895,2.0
1750443778.7499042,2.0
1750443778.7621357,2.0
1750443778.7730088,2.0
1750443778.7838924,2.0
1750443778.7948089,2.0
1750443778.805682,2.0
1750443778.8165345,2.0
1750443778.8274498,2.0
1750443778.838345,2.0
1750443778.8492737,2.0
1750443778.8601289,2.0
1750443778.8710368,2.0
1750443778.881934,2.0
1750443778.8928456,2.0
1750443778.9037373,2.0
1750443778.914628,2.0
1750443778.9255497,2.0
1750443778.9364264,2.0
1750443778.9473193,2.0
1750443778.958296,2.0
1750443778.9692407,2.0
1750443778.9801524,2.0
1750443778.991021,2.0
1750443779.0019233,2.0
1750443779.0128453,2.0
1750443779.0238016,2.0
1750443779.0346699,2.0
1750443779.045545,2.0
1750443779.0564406,2.0
1750443779.0673385,2.0
1750443779.0782714,2.0
1750443779.089179,2.0
1750443779.100069,2.0
1750443779.112394,2.0
1750443779.1236732,2.0
1750443779.1346352,2.0
1750443779.145542,2.0
1750443779.1564314,2.0
1750443779.1673446,2.0
1750443779.178236,2.0
1750443779.1891758,2.0
1750443779.200059,2.0
1750443779.2109716,2.0
1750443779.221859,2.0
1750443779.2327423,2.0
1750443779.2436376,2.0
1750443779.254528,2.0
1750443779.2654278,2.0
1750443779.276319,2.0
1750443779.2872312,2.0
1750443779.298122,2.0
1750443779.3090432,2.0
1750443779.3199232,2.0
1750443779.330795,2.0
1750443779.3416705,2.0
1750443779.3525558,2.0
1750443779.3634899,2.0
1750443779.374411,2.0
1750443779.3852983,2.0
1750443779.3962083,2.0
1750443779.407066,2.0
1750443779.4179876,2.0
1750443779.428884,2.0
1750443779.4397426,2.0
1750443779.45064,2.0
1750443779.4615262,2.0
1750443779.4737866,2.0
1750443779.4853692,2.0
1750443779.4962864,2.0
1750443779.5072083,2.0
1750443779.5186543,2.0
1750443779.5296285,2.0
1750443779.540509,2.0
1750443779.5514317,2.0
1750443779.5624406,2.0
1750443779.5732634,2.0
1750443779.5841107,2.0
1750443779.5950089,2.0
1750443779.6059237,2.0
1750443779.6167722,2.0
1750443779.6276817,2.0
1750443779.6385894,2.0
1750443779.6494818,2.0
1750443779.6603506,2.0
1750443779.6713858,2.0
1750443779.6823294,2.0
1750443779.6932313,2.0
1750443779.7041104,2.0
1750443779.7150128,2.0
1750443779.7258875,2.0
1750443779.7367783,2.0
1750443779.7476583,2.0
1750443779.7594242,2.0
1750443779.7702312,2.0
1750443779.7811155,2.0
1750443779.792038,2.0
1750443779.8029583,2.0
1750443779.8138602,2.0
1750443779.824747,2.0
1750443779.8356826,2.0
1750443779.8465831,2.0
1750443779.8575006,2.0
1750443779.868387,2.0
1750443779.8792868,2.0
1750443779.890215,2.0
1750443779.9010694,2.0
1750443779.9119687,2.0
1750443779.9229116,2.0
1750443779.9337902,2.0
1750443779.9446766,2.0
1750443779.9555802,2.0
1750443779.966506,2.0
1750443779.9774246,2.0
1750443779.988298,2.0
1750443779.9992104,2.0
1750443780.010107,2.0
1750443780.0209997,2.0
1750443780.0325735,2.0
1750443780.0434253,2.0
1750443780.05434,2.0
1750443780.065231,2.0
1750443780.0761027,2.0
1750443780.087064,2.0
1750443780.0979562,2.0
1750443780.1088846,2.0
1750443780.1197827,2.0
1750443780.1306767,2.0
1750443780.14155,2.0
1750443780.1524718,2.0
1750443780.1633642,2.0
1750443780.1742358,2.0
1750443780.1851513,2.0
1750443780.1960502,2.0
1750443780.2069438,2.0
1750443780.2178183,2.0
1750443780.2287138,2.0
1750443780.239644,2.0
1750443780.250544,2.0
1750443780.2614477,2.0
1750443780.2723255,2.0
1750443780.2832694,2.0
1750443780.2941873,2.0
1750443780.30509,2.0
1750443780.3159862,2.0
1750443780.326882,2.0
1750443780.3379405,2.0
1750443780.348816,2.0
1750443780.3597202,2.0
1750443780.3706362,2.0
1750443780.381516,2.0
1750443780.3924227,2.0
1750443780.4033132,2.0
1750443780.414405,2.0
1750443780.4253497,2.0
1750443780.436249,2.0
1750443780.447159,2.0
1750443780.458394,2.0
1750443780.4726384,2.0
1750443780.4832983,2.0
1750443780.4941804,2.0
1750443780.5050666,2.0
1750443780.5174508,2.0
1750443780.5283291,2.0
1750443780.5392175,2.0
1750443780.550666,2.0
1750443780.5614645,2.0
1750443780.5723846,2.0
1750443780.5832748,2.0
1750443780.5942519,2.0
1750443780.6051767,2.0
1750443780.616061,2.0
1750443780.626993,2.0
1750443780.6378665,2.0
1750443780.6487591,2.0
1750443780.6596258,2.0
1750443780.670734,2.0
1750443780.6816435,2.0
1750443780.692554,2.0
1750443780.7034597,2.0
1750443780.7143407,2.0
1750443780.72524,2.0
1750443780.7382226,2.0
1750443780.7504542,2.0
1750443780.7625802,2.0
1750443780.7734718,2.0
1750443780.7843788,2.0
1750443780.7953207,2.0
1750443780.806217,2.0
1750443780.8170922,2.0
1750443780.82801,2.0
1750443780.8388724,2.0
1750443780.8499095,2.0
1750443780.8607588,2.0
1750443780.8716545,2.0
1750443780.882544,2.0
1750443780.8934598,2.0
1750443780.9043229,2.0
1750443780.9152596,2.0
1750443780.9261792,2.0
1750443780.9370668,2.0
1750443780.9479382,2.0
1750443780.9588516,2.0
1750443780.9697077,2.0
1750443780.9806015,2.0
1750443780.9915166,2.0
1750443781.0024335,2.0
1750443781.013302,2.0
1750443781.0242035,2.0
1750443781.0350745,2.0
1750443781.0459867,2.0
1750443781.0568552,2.0
1750443781.0677555,2.0
1750443781.0786753,2.0
1750443781.089557,2.0
1750443781.1004622,2.0
1750443781.1113465,2.0
1750443781.122244,2.0
1750443781.1331024,2.0
1750443781.1439931,2.0
1750443781.154873,2.0
1750443781.1657536,2.0
1750443781.176688,2.0
1750443781.1875834,2.0
1750443781.1984832,2.0
1750443781.2093883,2.0
1750443781.2211554,2.0
1750443781.2320306,2.0
1750443781.2429543,2.0
1750443781.2538266,2.0
1750443781.2646875,2.0
1750443781.2756324,2.0
1750443781.2865334,2.0
1750443781.2974396,2.0
1750443781.308293,2.0
1750443781.319184,2.0
1750443781.3300989,2.0
1750443781.3409872,2.0
1750443781.3519251,2.0
1750443781.3627925,2.0
1750443781.373705,2.0
1750443781.3845797,2.0
1750443781.395499,2.0
1750443781.4064138,2.0
1750443781.4173148,2.0
1750443781.4281676,2.0
1750443781.439085,2.0
1750443781.4499955,2.0
1750443781.4608865,2.0
1750443781.4739447,2.0
1750443781.4849358,2.0
1750443781.4958782,2.0
1750443781.5068889,2.0
1750443781.518846,2.0
1750443781.5296562,2.0
1750443781.5405693,2.0
1750443781.5515146,2.0
1750443781.5626776,2.0
1750443781.5735612,2.0
1750443781.584452,2.0
1750443781.5953376,2.0
1750443781.606356,2.0
1750443781.6172597,2.0
1750443781.6281462,2.0
1750443781.6389952,2.0
1750443781.6499202,2.0
1750443781.6608033,2.0
1750443781.6719754,2.0
1750443781.6828392,2.0
1750443781.693724,2.0
1750443781.7046106,2.0
1750443781.7154922,2.0
1750443781.7263927,2.0
1750443781.7372403,2.0
1750443781.7481225,2.0
1750443781.760311,2.0
1750443781.7711706,2.0
1750443781.782071,2.0
1750443781.7929454,2.0
1750443781.8038468,2.0
1750443781.8147745,2.0
1750443781.825647,2.0
1750443781.8365405,2.0
1750443781.8474343,2.0
1750443781.858334,2.0
1750443781.8692453,2.0
1750443781.8802192,2.0
1750443781.891093,2.0
1750443781.901993,2.0
1750443781.9128456,2.0
1750443781.9237812,2.0
1750443781.9347124,2.0
1750443781.945634,2.0
1750443781.956492,2.0
1750443781.9673903,2.0
1750443781.9782777,2.0
1750443781.989612,2.0
1750443782.000515,2.0
1750443782.0114112,2.0
1750443782.0223145,2.0
1750443782.0332377,2.0
1750443782.0441263,2.0
1750443782.055701,2.0
1750443782.0666606,2.0
1750443782.0778012,2.0
1750443782.0886855,2.0
1750443782.0996218,2.0
1750443782.1105185,2.0
1750443782.121403,2.0
1750443782.132302,2.0
1750443782.1431808,2.0
1750443782.1540577,2.0
1750443782.1649334,2.0
1750443782.175827,2.0
1750443782.1867313,2.0
1750443782.1975927,2.0
1750443782.208469,2.0
1750443782.2193394,2.0
1750443782.2302375,2.0
1750443782.2412076,2.0
1750443782.252091,2.0
1750443782.2629414,2.0
1750443782.2738457,2.0
1750443782.2847443,2.0
1750443782.2956595,2.0
1750443782.3065557,2.0
1750443782.3174522,2.0
1750443782.328358,2.0
1750443782.3392565,2.0
1750443782.3501945,2.0
1750443782.3610742,2.0
1750443782.3719878,2.0
1750443782.3829286,2.0
1750443782.393811,2.0
1750443782.4046936,2.0
1750443782.4156108,2.0
1750443782.4264975,2.0
1750443782.4374006,2.0
1750443782.4482942,2.0
1750443782.4591954,2.0
1750443782.4708543,2.0
1750443782.4825304,2.0
1750443782.4934034,2.0
1750443782.504302,2.0
1750443782.515171,2.0
1750443782.526937,2.0
1750443782.5378428,2.0
1750443782.5487256,2.0
1750443782.5598333,2.0
1750443782.5706706,2.0
1750443782.5815582,2.0
1750443782.5924616,2.0
1750443782.6034114,2.0
1750443782.6143012,2.0
1750443782.625216,2.0
1750443782.6360183,2.0
1750443782.646916,2.0
1750443782.6578379,2.0
1750443782.6687417,2.0
1750443782.6798277,2.0
1750443782.690746,2.0
1750443782.7016337,2.0
1750443782.712525,2.0
1750443782.723434,2.0
1750443782.7343526,2.0
1750443782.7466886,2.0
1750443782.7598205,2.0
1750443782.770915,2.0
1750443782.7826655,2.0
1750443782.795203,2.0
1750443782.8065295,2.0
1750443782.8177578,2.0
1750443782.8286526,2.0
1750443782.8395355,2.0
1750443782.8507688,2.0
1750443782.861641,2.0
1750443782.8725502,2.0
1750443782.8834343,2.0
1750443782.8943303,2.0
1750443782.9052444,2.0
1750443782.9161263,2.0
1750443782.9276989,2.0
1750443782.9434726,2.0
1750443782.956337,2.0
1750443782.9672494,2.0
1750443782.9781277,2.0
1750443782.9891872,2.0
1750443783.0000653,2.0
1750443783.0109375,2.0
1750443783.02185,2.0
1750443783.0386539,2.0
1750443783.0510788,2.0
1750443783.0626664,2.0
1750443783.073594,2.0
1750443783.0844972,2.0
1750443783.095411,2.0
1750443783.106311,2.0
1750443783.1172009,2.0
1750443783.1280897,2.0
1750443783.1389813,2.0
1750443783.1498926,2.0
1750443783.1607752,2.0
1750443783.1717315,2.0
1750443783.1826339,2.0
1750443783.1935081,2.0
1750443783.206115,2.0
1750443783.216923,2.0
1750443783.227796,2.0
1750443783.2386866,2.0
1750443783.2497377,2.0
1750443783.2611,2.0
1750443783.272005,2.0
1750443783.2829442,2.0
1750443783.2939746,2.0
1750443783.3048491,2.0
1750443783.3157547,2.0
1750443783.3304732,2.0
1750443783.3445578,2.0
1750443783.3567376,2.0
1750443783.3687224,2.0
1750443783.380659,2.0
1750443783.391927,2.0
1750443783.40493,2.0
1750443783.4164605,2.0
1750443783.4274888,2.0
1750443783.4471443,2.0
1750443783.4605699,1.0
1750443783.4740653,2.0
1750443783.4849865,2.0
1750443783.4962745,2.0
1750443783.5074558,2.0
1750443783.5194886,2.0
1750443783.530757,2.0
1750443783.5417194,2.0
1750443783.5527368,2.0
1750443783.5649018,2.0
1750443783.5760133,2.0
1750443783.5875664,2.0
1750443783.5993836,2.0
1750443783.6114233,2.0
1750443783.6228912,2.0
1750443783.6350543,2.0
1750443783.6468043,2.0
1750443783.657685,2.0
1750443783.6685915,2.0
1750443783.679687,2.0
1750443783.6905854,2.0
1750443783.701501,2.0
1750443783.712374,2.0
1750443783.7236524,2.0
1750443783.7362084,2.0
1750443783.7479792,2.0
1750443783.761274,2.0
1750443783.7741442,2.0
1750443783.7849994,2.0
1750443783.7958992,2.0
1750443783.806814,2.0
1750443783.81883,2.0
1750443783.8296878,2.0
1750443783.840557,2.0
1750443783.8516288,2.0
1750443783.8625154,2.0
1750443783.8734167,2.0
1750443783.8842895,2.0
1750443783.895272,2.0
1750443783.9064422,2.0
1750443783.9173403,2.0
1750443783.9282782,2.0
1750443783.9394348,2.0
1750443783.9508023,2.0
1750443783.9628835,2.0
1750443783.9739482,2.0
1750443783.9856002,2.0
1750443783.99707,2.0
1750443784.0080538,2.0
1750443784.019048,2.0
1750443784.0303464,2.0
1750443784.0413315,2.0
1750443784.054338,2.0
1750443784.0660262,2.0
1750443784.076974,2.0
1750443784.0884511,2.0
1750443784.0999937,2.0
1750443784.1108847,2.0
1750443784.1222725,2.0
1750443784.1337202,2.0
1750443784.149649,2.0
1750443784.1615365,2.0
1750443784.1796558,2.0
1750443784.195643,1.0
1750443784.208715,2.0
1750443784.2217438,2.0
1750443784.2330377,2.0
1750443784.2443728,2.0
1750443784.257285,2.0
1750443784.268772,2.0
1750443784.2798629,2.0
1750443784.293069,2.0
1750443784.304972,2.0
1750443784.318437,2.0
1750443784.3295288,2.0
1750443784.3405814,2.0
1750443784.3515468,2.0
1750443784.3624382,2.0
1750443784.3743052,2.0
1750443784.3855715,2.0
1750443784.3964646,2.0
1750443784.4073963,2.0
1750443784.429728,2.0
1750443784.4430602,2.0
1750443784.4561288,2.0
1750443784.4712057,2.0
1750443784.4842765,2.0
1750443784.4973347,2.0
1750443784.5112271,2.0
1750443784.5240011,2.0
1750443784.534927,2.0
1750443784.5458674,2.0
1750443784.5571313,2.0
1750443784.5680385,2.0
1750443784.578983,2.0
1750443784.5899143,2.0
1750443784.600921,2.0
1750443784.6118793,2.0
1750443784.627862,2.0
1750443784.638502,2.0
1750443784.6494367,2.0
1750443784.6603837,2.0
1750443784.6719017,2.0
1750443784.6830153,2.0
1750443784.6939535,2.0
1750443784.7050424,2.0
1750443784.7159934,2.0
1750443784.726965,2.0
1750443784.7379272,2.0
1750443784.7504709,2.0
1750443784.764454,2.0
1750443784.7773535,2.0
1750443784.7882175,2.0
1750443784.7991872,2.0
1750443784.8101335,2.0
1750443784.8210664,2.0
1750443784.8333235,2.0
1750443784.8442516,2.0
1750443784.8552184,2.0
1750443784.8661647,2.0
1750443784.8783865,2.0
1750443784.8893554,2.0
1750443784.9002872,2.0
1750443784.91128,2.0
1750443784.9222505,2.0
1750443784.9332,2.0
1750443784.9441085,2.0
1750443784.9550736,2.0
1750443784.965995,2.0
1750443784.9769855,2.0
1750443784.9879036,2.0
1750443784.998832,2.0
1750443785.009777,2.0
1750443785.0207398,2.0
1750443785.0316432,2.0
1750443785.0425856,2.0
1750443785.053511,2.0
1750443785.0644345,2.0
1750443785.0753887,2.0
1750443785.0865915,2.0
1750443785.0974836,2.0
1750443785.1084292,2.0
1750443785.119362,2.0
1750443785.1303525,2.0
1750443785.1412761,2.0
1750443785.1522048,2.0
1750443785.1631348,2.0
1750443785.174089,2.0
1750443785.1850286,2.0
1750443785.1959782,2.0
1750443785.2069426,2.0
1750443785.2178917,2.0
1750443785.2288013,2.0
1750443785.2397356,2.0
1750443785.2508638,2.0
1750443785.261777,2.0
1750443785.2726734,2.0
1750443785.2836244,2.0
1750443785.294599,2.0
1750443785.3055444,2.0
1750443785.3164904,2.0
1750443785.3273888,2.0
1750443785.3384893,2.0
1750443785.3494365,2.0
1750443785.3603747,2.0
1750443785.3713253,2.0
1750443785.382264,2.0
1750443785.3932176,2.0
1750443785.4041598,2.0
1750443785.4151027,2.0
1750443785.426054,2.0
1750443785.4370024,2.0
1750443785.447933,2.0
1750443785.4588966,2.0
1750443785.471106,2.0
1750443785.4830925,2.0
1750443785.493979,2.0
1750443785.5049508,2.0
1750443785.5163798,2.0
1750443785.527451,2.0
1750443785.5383506,2.0
1750443785.5492444,2.0
1750443785.5602708,2.0
1750443785.5721714,2.0
1750443785.5831156,2.0
1750443785.594011,2.0
1750443785.604893,2.0
1750443785.6157944,2.0
1750443785.6266947,2.0
1750443785.6375995,2.0
1750443785.6484642,2.0
1750443785.6593509,2.0
1750443785.6702092,2.0
1750443785.6812608,2.0
1750443785.6921377,2.0
1750443785.7030666,2.0
1750443785.7139711,2.0
1750443785.7248254,2.0
1750443785.735724,2.0
1750443785.7466228,2.0
1750443785.7589495,2.0
1750443785.769699,2.0
1750443785.7805836,2.0
1750443785.7915142,2.0
1750443785.8024254,2.0
1750443785.8133254,2.0
1750443785.824204,2.0
1750443785.835117,2.0
1750443785.8460186,2.0
1750443785.8570912,2.0
1750443785.8679926,2.0
1750443785.8788664,2.0
1750443785.8897648,2.0
1750443785.9006288,2.0
1750443785.9115405,2.0
1750443785.922475,2.0
1750443785.9334104,2.0
1750443785.9442754,2.0
1750443785.9551842,2.0
1750443785.96607,2.0
1750443785.9769514,2.0
1750443785.9878347,2.0
1750443785.998723,2.0
1750443786.0095968,2.0
1750443786.0204973,2.0
1750443786.0313902,2.0
1750443786.0422566,2.0
1750443786.0531538,2.0
1750443786.0640323,2.0
1750443786.0749092,2.0
1750443786.0861406,2.0
1750443786.0970302,2.0
1750443786.107899,2.0
1750443786.1187901,2.0
1750443786.129642,2.0
1750443786.140561,2.0
1750443786.1514442,2.0
1750443786.1623406,2.0
1750443786.1732008,2.0
1750443786.1841214,2.0
1750443786.1949837,2.0
1750443786.2058942,2.0
1750443786.2167761,2.0
1750443786.2276337,2.0
1750443786.2385147,2.0
1750443786.2493877,2.0
1750443786.2603104,2.0
1750443786.271231,2.0
1750443786.282137,2.0
1750443786.2929986,2.0
1750443786.3039086,2.0
1750443786.314812,2.0
1750443786.3257685,2.0
1750443786.3369157,2.0
1750443786.3478274,2.0
1750443786.3587098,2.0
1750443786.3696022,2.0
1750443786.3805156,2.0
1750443786.3914096,2.0
1750443786.4022985,2.0
1750443786.4132936,2.0
1750443786.4241774,2.0
1750443786.4350846,2.0
1750443786.445979,2.0
1750443786.4568584,2.0
1750443786.4681554,2.0
1750443786.4805477,2.0
1750443786.4914386,2.0
1750443786.5023575,2.0
1750443786.5132656,2.0
1750443786.5247433,2.0
1750443786.5356436,2.0
1750443786.5465517,2.0
1750443786.5612087,2.0
1750443786.5718365,2.0
1750443786.5827353,2.0
1750443786.5936341,2.0
1750443786.604493,2.0
1750443786.6153953,2.0
1750443786.6262944,2.0
1750443786.6371188,2.0
1750443786.6480234,2.0
1750443786.6589167,2.0
1750443786.669818,2.0
1750443786.6810384,2.0
1750443786.6919417,2.0
1750443786.702858,2.0
1750443786.7137358,2.0
1750443786.7246184,2.0
1750443786.735503,2.0
1750443786.7464187,2.0
1750443786.75907,2.0
1750443786.7734299,2.0
1750443786.7859,2.0
1750443786.796806,2.0
1750443786.8076878,2.0
1750443786.8185723,2.0
1750443786.8294632,2.0
1750443786.8403542,2.0
1750443786.8512442,2.0
1750443786.862317,2.0
1750443786.8732276,2.0
1750443786.884121,2.0
1750443786.8950078,2.0
1750443786.9059005,2.0
1750443786.916793,2.0
1750443786.9277506,2.0
1750443786.9386787,2.0
1750443786.9495676,2.0
1750443786.9604504,2.0
1750443786.9713593,2.0
1750443786.9822352,2.0
1750443786.9931264,2.0
1750443787.0039861,2.0
1750443787.0148687,2.0
1750443787.0257661,2.0
1750443787.0367038,2.0
1750443787.0476308,2.0
1750443787.0585454,2.0
1750443787.0695438,2.0
1750443787.0805035,2.0
1750443787.091772,2.0
1750443787.1033869,2.0
1750443787.1142333,2.0
1750443787.1250892,2.0
1750443787.1359775,2.0
1750443787.146859,2.0
1750443787.1577551,2.0
1750443787.1686375,2.0
1750443787.179528,2.0
1750443787.190418,2.0
1750443787.2013311,2.0
1750443787.2122853,2.0
1750443787.2232387,2.0
1750443787.2341802,2.0
1750443787.245115,2.0
1750443787.256049,2.0
1750443787.2670224,2.0
1750443787.277927,2.0
1750443787.2888703,2.0
1750443787.2998042,2.0
1750443787.3107586,2.0
1750443787.321699,2.0
1750443787.3325918,2.0
1750443787.3435273,2.0
1750443787.3544915,2.0
1750443787.3658657,2.0
1750443787.3767962,2.0
1750443787.3877246,2.0
1750443787.398708,2.0
1750443787.4096277,2.0
1750443787.4205694,2.0
1750443787.431515,2.0
1750443787.4425213,2.0
1750443787.4534316,2.0
1750443787.4662035,1.0
1750443787.4812543,1.0
1750443787.4919603,2.0
1750443787.5029092,2.0
1750443787.5153399,2.0
1750443787.5261064,2.0
1750443787.5369985,2.0
1750443787.5478785,2.0
1750443787.5593626,2.0
1750443787.5702536,2.0
1750443787.5811014,2.0
1750443787.5919876,2.0
1750443787.6028829,2.0
1750443787.6137977,2.0
1750443787.6246722,2.0
1750443787.635508,2.0
1750443787.646404,2.0
1750443787.6573193,2.0
1750443787.6682057,2.0
1750443787.6792502,2.0
1750443787.690121,2.0
1750443787.7011647,2.0
1750443787.7121058,2.0
1750443787.7230287,2.0
1750443787.7339842,2.0
1750443787.7448852,2.0
1750443787.7570627,2.0
1750443787.7677975,2.0
1750443787.7787533,2.0
1750443787.7896965,2.0
1750443787.800638,2.0
1750443787.8115563,2.0
1750443787.8225467,2.0
1750443787.8334854,2.0
1750443787.84441,2.0
1750443787.8554485,2.0
1750443787.8663647,2.0
1750443787.8786006,2.0
1750443787.8895633,2.0
1750443787.9005036,2.0
1750443787.9114468,2.0
1750443787.922347,2.0
1750443787.9333758,2.0
1750443787.944316,2.0
1750443787.9552886,2.0
1750443787.9662242,2.0
1750443787.9771576,2.0
1750443787.9880707,2.0
1750443787.998985,2.0
1750443788.0099072,2.0
1750443788.0208564,2.0
1750443788.031795,2.0
1750443788.0427222,2.0
1750443788.053694,2.0
1750443788.064628,2.0
1750443788.0755749,2.0
1750443788.0865102,2.0
1750443788.0977352,2.0
1750443788.1086764,2.0
1750443788.1196253,2.0
1750443788.1305773,2.0
1750443788.141516,2.0
1750443788.1524417,2.0
1750443788.1633859,2.0
1750443788.1743202,2.0
1750443788.1852808,2.0
1750443788.1962156,2.0
1750443788.207148,2.0
1750443788.2180583,2.0
1750443788.2289922,2.0
1750443788.2399333,2.0
1750443788.2509034,2.0
1750443788.2618349,2.0
1750443788.2727633,2.0
1750443788.2837048,2.0
1750443788.2946637,2.0
1750443788.305578,2.0
1750443788.3164985,2.0
1750443788.3277614,2.0
1750443788.3386626,2.0
1750443788.3496485,2.0
1750443788.3605402,2.0
1750443788.3714914,2.0
1750443788.3830173,2.0
1750443788.393905,2.0
1750443788.4048426,2.0
1750443788.4158342,2.0
1750443788.42677,2.0
1750443788.4377713,2.0
1750443788.4486818,2.0
1750443788.4596677,2.0
1750443788.4714744,2.0
1750443788.4836392,2.0
1750443788.4946198,2.0
1750443788.5056126,2.0
1750443788.517017,2.0
1750443788.52808,2.0
1750443788.53896,2.0
1750443788.549847,2.0
1750443788.5608149,2.0
1750443788.571647,2.0
1750443788.5825248,2.0
1750443788.593412,2.0
1750443788.6043034,2.0
1750443788.6153185,1.0
1750443788.6266181,2.0
1750443788.6381898,2.0
1750443788.6490183,2.0
1750443788.6599226,2.0
1750443788.6708443,2.0
1750443788.6820602,2.0
1750443788.6929922,2.0
1750443788.7038689,2.0
1750443788.7147639,2.0
1750443788.725687,2.0
1750443788.7365444,2.0
1750443788.7474556,2.0
1750443788.759652,2.0
1750443788.7707074,2.0
1750443788.7837043,2.0
1750443788.7952006,2.0
1750443788.8079295,1.0
1750443788.8214247,1.0
1750443788.831985,2.0
1750443788.8429186,2.0
1750443788.8538792,2.0
1750443788.864844,2.0
1750443788.8757782,2.0
1750443788.8867602,2.0
1750443788.8980134,2.0
1750443788.9089582,2.0
1750443788.919933,2.0
1750443788.930931,2.0
1750443788.9418905,2.0
1750443788.9528587,2.0
1750443788.9638517,2.0
1750443788.9748113,2.0
1750443788.9857457,2.0
1750443788.9967182,2.0
1750443789.0076942,2.0
1750443789.0186534,2.0
1750443789.0296478,2.0
1750443789.040578,2.0
1750443789.051556,2.0
1750443789.0625482,2.0
1750443789.0734756,2.0
1750443789.0844235,2.0
1750443789.095384,2.0
1750443789.1063402,2.0
1750443789.1172802,2.0
1750443789.1282113,2.0
1750443789.1391456,2.0
1750443789.1506662,2.0
1750443789.161554,2.0
1750443789.1725478,2.0
1750443789.1834755,2.0
1750443789.1944466,2.0
1750443789.2054243,2.0
1750443789.2163713,2.0
1750443789.2272763,2.0
1750443789.2382596,2.0
1750443789.2491307,2.0
1750443789.261998,2.0
1750443789.272923,2.0
1750443789.2838767,2.0
1750443789.2948177,2.0
1750443789.3057783,2.0
1750443789.3167276,2.0
1750443789.327689,2.0
1750443789.338609,2.0
1750443789.3495483,2.0
1750443789.3604825,2.0
1750443789.3714423,2.0
1750443789.3823497,2.0
1750443789.393323,2.0
1750443789.4042192,2.0
1750443789.415367,2.0
1750443789.4262874,2.0
1750443789.4372134,2.0
1750443789.4481514,2.0
1750443789.4590926,2.0
1750443789.4711752,2.0
1750443789.4833481,2.0
1750443789.49428,2.0
1750443789.5052319,2.0
1750443789.516741,2.0
1750443789.5277414,2.0
1750443789.538707,2.0
1750443789.5496478,2.0
1750443789.5607092,2.0
1750443789.5716298,2.0
1750443789.582602,2.0
1750443789.5936494,2.0
1750443789.6046643,2.0
1750443789.615618,2.0
1750443789.6265814,2.0
1750443789.6375,2.0
1750443789.6484306,2.0
1750443789.6593966,2.0
1750443789.6703336,2.0
1750443789.6814182,2.0
1750443789.6923902,2.0
1750443789.7033498,2.0
1750443789.7142892,2.0
1750443789.7252505,2.0
1750443789.7362072,2.0
1750443789.7471998,2.0
1750443789.7593596,2.0
1750443789.7701483,2.0
1750443789.7810624,2.0
1750443789.7920067,2.0
1750443789.8029613,2.0
1750443789.8139007,2.0
1750443789.824828,2.0
1750443789.835792,2.0
1750443789.8467703,2.0
1750443789.8579805,2.0
1750443789.8689165,2.0
1750443789.8799152,2.0
1750443789.8908997,2.0
1750443789.9018347,2.0
1750443789.9127536,2.0
1750443789.9237032,2.0
1750443789.9346652,2.0
1750443789.9455845,2.0
1750443789.9564915,2.0
1750443789.9674377,2.0
1750443789.9783607,2.0
1750443789.9893043,2.0
1750443790.0002384,2.0
1750443790.011159,2.0
1750443790.0221274,2.0
1750443790.0330431,2.0
1750443790.0439649,2.0
1750443790.054931,2.0
1750443790.0658453,2.0
1750443790.0767858,2.0
1750443790.087703,2.0
1750443790.0991309,2.0
1750443790.1108153,2.0
1750443790.1217132,2.0
1750443790.1326282,2.0
1750443790.1435573,2.0
1750443790.15451,2.0
1750443790.1654565,2.0
1750443790.176405,2.0
1750443790.18735,2.0
1750443790.1982894,2.0
1750443790.2092428,2.0
1750443790.2201502,2.0
1750443790.231133,2.0
1750443790.2420382,2.0
1750443790.2529871,2.0
1750443790.2639306,2.0
1750443790.274862,2.0
1750443790.2858138,2.0
1750443790.296723,2.0
1750443790.3076644,2.0
1750443790.3186045,2.0
1750443790.3298516,2.0
1750443790.3407664,2.0
1750443790.3518293,2.0
1750443790.3628442,2.0
1750443790.3737822,2.0
1750443790.3848019,2.0
1750443790.3957078,2.0
1750443790.406676,2.0
1750443790.4175925,2.0
1750443790.4285338,2.0
1750443790.4395237,2.0
1750443790.4505112,2.0
1750443790.4614432,2.0
1750443790.4735322,2.0
1750443790.485348,2.0
1750443790.4963021,2.0
1750443790.5072231,2.0
1750443790.519799,2.0
1750443790.5305605,2.0
1750443790.5414789,2.0
1750443790.552402,2.0
1750443790.5636618,2.0
1750443790.5745604,2.0
1750443790.585429,2.0
1750443790.5963206,2.0
1750443790.6072645,2.0
1750443790.6181617,2.0
1750443790.6293151,2.0
1750443790.6401975,2.0
1750443790.6511166,2.0
1750443790.6620147,2.0
1750443790.6729121,2.0
1750443790.6840277,2.0
1750443790.6953027,2.0
1750443790.706243,2.0
1750443790.7171674,2.0
1750443790.7280765,2.0
1750443790.7389734,2.0
1750443790.7498455,2.0
1750443790.7625911,2.0
1750443790.773549,2.0
1750443790.7864742,2.0
1750443790.79819,2.0
1750443790.8116515,2.0
1750443790.8224995,2.0
1750443790.8333895,2.0
1750443790.8442852,2.0
1750443790.8552196,2.0
1750443790.866076,2.0
1750443790.876972,2.0
1750443790.8878639,2.0
1750443790.8988378,2.0
1750443790.9097314,2.0
1750443790.9206314,2.0
1750443790.931544,2.0
1750443790.9424696,2.0
1750443790.9533691,2.0
1750443790.9642394,2.0
1750443790.9751527,2.0
1750443790.9860177,2.0
1750443790.9968886,2.0
1750443791.0077934,2.0
1750443791.0186715,2.0
1750443791.0295308,2.0
1750443791.0403996,2.0
1750443791.0513215,2.0
1750443791.0622425,2.0
1750443791.0731218,2.0
1750443791.0840225,2.0
1750443791.0949037,2.0
1750443791.1058104,2.0
1750443791.116712,2.0
1750443791.1276257,2.0
1750443791.1385365,2.0
1750443791.1494002,2.0
1750443791.1602762,2.0
1750443791.1711612,2.0
1750443791.182075,2.0
1750443791.1930094,2.0
1750443791.2039232,2.0
1750443791.2147932,2.0
1750443791.2257154,2.0
1750443791.2366288,2.0
1750443791.247529,2.0
1750443791.2584198,2.0
1750443791.2693017,2.0
1750443791.2801697,2.0
1750443791.2910995,2.0
1750443791.3019998,2.0
1750443791.312932,2.0
1750443791.3238173,2.0
1750443791.3346992,2.0
1750443791.3456025,2.0
1750443791.3564854,2.0
1750443791.3673887,2.0
1750443791.3782992,2.0
1750443791.3892162,2.0
1750443791.4001076,2.0
1750443791.4110003,2.0
1750443791.4218645,2.0
1750443791.4327931,2.0
1750443791.4436707,2.0
1750443791.4553173,2.0
1750443791.4661896,2.0
1750443791.478506,2.0
1750443791.489526,2.0
1750443791.5004725,2.0
1750443791.5115628,2.0
1750443791.5233977,2.0
1750443791.5342097,2.0
1750443791.5451665,2.0
1750443791.5560963,2.0
1750443791.5673053,2.0
1750443791.5782304,2.0
1750443791.5891767,2.0
1750443791.600126,2.0
1750443791.611047,2.0
1750443791.622005,2.0
1750443791.6329367,2.0
1750443791.643886,2.0
1750443791.6548302,2.0
1750443791.665701,2.0
1750443791.6766267,2.0
1750443791.6877227,2.0
1750443791.6986837,2.0
1750443791.7096252,2.0
1750443791.720572,2.0
1750443791.731532,2.0
1750443791.7424507,2.0
1750443791.7534037,2.0
1750443791.7656188,2.0
1750443791.7765357,2.0
1750443791.7874777,2.0
1750443791.798402,2.0
1750443791.8093479,2.0
1750443791.820259,2.0
1750443791.831197,2.0
1750443791.8421297,2.0
1750443791.8530796,2.0
1750443791.8640318,2.0
1750443791.8749726,2.0
1750443791.8859112,2.0
1750443791.8968308,2.0
1750443791.907799,2.0
1750443791.9187138,2.0
1750443791.929695,2.0
1750443791.9406416,2.0
1750443791.951618,2.0
1750443791.9625869,2.0
1750443791.9735212,2.0
1750443791.9844773,2.0
1750443791.9954126,2.0
1750443792.0063622,2.0
1750443792.0173333,2.0
1750443792.0284457,2.0
1750443792.0393836,2.0
1750443792.0503237,2.0
1750443792.0613036,2.0
1750443792.0724452,2.0
1750443792.083395,2.0
1750443792.094393,2.0
1750443792.1053522,2.0
1750443792.1162767,2.0
1750443792.1272075,2.0
1750443792.138564,2.0
1750443792.1495001,2.0
1750443792.1604254,2.0
1750443792.1713827,2.0
1750443792.182289,2.0
1750443792.1933308,2.0
1750443792.2043238,2.0
1750443792.215316,2.0
1750443792.2262895,2.0
1750443792.2372708,2.0
1750443792.2482426,2.0
1750443792.259251,2.0
1750443792.2702103,2.0
1750443792.281193,2.0
1750443792.292161,2.0
1750443792.3031683,2.0
1750443792.3141904,2.0
1750443792.3252077,2.0
1750443792.3362126,2.0
1750443792.3472497,2.0
1750443792.3582392,2.0
1750443792.369227,2.0
1750443792.3802056,2.0
1750443792.3912163,2.0
1750443792.4022107,2.0
1750443792.4132292,2.0
1750443792.4242206,2.0
1750443792.4352086,2.0
1750443792.4461808,2.0
1750443792.45721,2.0
1750443792.468246,2.0
1750443792.4819717,2.0
1750443792.49293,2.0
1750443792.5039086,2.0
1750443792.5153387,2.0
1750443792.5264533,2.0
1750443792.5374324,2.0
1750443792.5484235,2.0
1750443792.5595539,2.0
1750443792.5704615,2.0
1750443792.5814576,2.0
1750443792.5924335,2.0
1750443792.6034915,2.0
1750443792.614491,2.0
1750443792.6254735,2.0
1750443792.6364176,2.0
1750443792.6474001,2.0
1750443792.658398,2.0
1750443792.6693704,2.0
1750443792.6806784,2.0
1750443792.6916847,2.0
1750443792.7026973,2.0
1750443792.7136948,2.0
1750443792.7246535,2.0
1750443792.7356453,2.0
1750443792.7466416,2.0
1750443792.7588363,2.0
1750443792.7697656,2.0
1750443792.7811005,2.0
1750443792.792385,2.0
1750443792.8064682,2.0
1750443792.8187284,2.0
1750443792.8295984,2.0
1750443792.8405356,2.0
1750443792.8514307,2.0
1750443792.8623822,2.0
1750443792.8732662,2.0
1750443792.8841634,2.0
1750443792.895057,2.0
1750443792.9059834,2.0
1750443792.9168596,2.0
1750443792.9277854,2.0
1750443792.9387262,2.0
1750443792.949629,2.0
1750443792.9605095,2.0
1750443792.9714415,2.0
1750443792.98232,2.0
1750443792.993599,2.0
1750443793.004654,2.0
1750443793.0157256,2.0
1750443793.02682,2.0
1750443793.0378895,2.0
1750443793.048987,2.0
1750443793.0600746,2.0
1750443793.071245,2.0
1750443793.082325,2.0
1750443793.0934515,2.0
1750443793.104527,2.0
1750443793.1155722,2.0
1750443793.1266346,2.0
1750443793.1377084,2.0
1750443793.148799,2.0
1750443793.1598747,2.0
1750443793.1709623,2.0
1750443793.182027,2.0
1750443793.1930718,2.0
1750443793.204142,2.0
1750443793.2152479,2.0
1750443793.2262886,2.0
1750443793.2373703,2.0
1750443793.2484326,2.0
1750443793.2595108,2.0
1750443793.2705715,2.0
1750443793.2816355,2.0
1750443793.2926803,2.0
1750443793.3037987,2.0
1750443793.3148527,2.0
1750443793.3259366,2.0
1750443793.3370197,2.0
1750443793.348088,2.0
1750443793.3591554,2.0
1750443793.3702457,2.0
1750443793.3813,2.0
1750443793.3923671,2.0
1750443793.4034522,2.0
1750443793.414493,2.0
1750443793.4255223,2.0
1750443793.4366274,2.0
1750443793.4476821,2.0
1750443793.4587047,2.0
1750443793.4730065,2.0
1750443793.483709,2.0
1750443793.4945872,2.0
1750443793.5058734,2.0
1750443793.5178673,2.0
1750443793.5290995,2.0
1750443793.540355,2.0
1750443793.551975,2.0
1750443793.5632281,2.0
1750443793.5744617,2.0
1750443793.5856822,2.0
1750443793.5968874,2.0
1750443793.6081405,2.0
1750443793.6193686,2.0
1750443793.6305923,2.0
1750443793.6418135,2.0
1750443793.653083,2.0
1750443793.6643872,2.0
1750443793.6756554,2.0
1750443793.687107,2.0
1750443793.6983736,2.0
1750443793.709663,2.0
1750443793.7208877,2.0
1750443793.7321386,2.0
1750443793.7434418,2.0
1750443793.7564557,2.0
1750443793.7676158,2.0
1750443793.7788897,2.0
1750443793.790118,2.0
1750443793.8013601,2.0
1750443793.8126066,2.0
1750443793.8238728,2.0
1750443793.8351247,2.0
1750443793.846382,2.0
1750443793.8576279,2.0
1750443793.8688812,2.0
1750443793.8801205,2.0
1750443793.8913949,2.0
1750443793.9026842,2.0
1750443793.9140058,2.0
1750443793.9252706,2.0
1750443793.9365027,2.0
1750443793.9477682,2.0
1750443793.9590187,2.0
1750443793.9702988,2.0
1750443793.9815233,2.0
1750443793.992751,2.0
1750443794.0039635,2.0
1750443794.0152416,2.0
1750443794.0264895,2.0
1750443794.0377603,2.0
1750443794.0489938,2.0
1750443794.0602305,2.0
1750443794.071507,2.0
1750443794.082726,2.0
1750443794.0939531,2.0
1750443794.105248,2.0
1750443794.1164927,2.0
1750443794.127734,2.0
1750443794.1390488,2.0
1750443794.1506135,2.0
1750443794.1618807,2.0
1750443794.1731033,2.0
1750443794.1843503,2.0
1750443794.1956131,2.0
1750443794.2068837,2.0
1750443794.2180965,2.0
1750443794.2293558,2.0
1750443794.2405665,2.0
1750443794.2518303,2.0
1750443794.2630665,2.0
1750443794.2744918,2.0
1750443794.2856991,2.0
1750443794.2969658,2.0
1750443794.3082325,2.0
1750443794.3196294,2.0
1750443794.3308969,2.0
1750443794.3421938,2.0
1750443794.3534648,2.0
1750443794.3647003,2.0
1750443794.3759696,2.0
1750443794.3872066,2.0
1750443794.398442,2.0
1750443794.4096944,2.0
1750443794.4209259,2.0
1750443794.4326699,2.0
1750443794.4439232,2.0
1750443794.4551916,2.0
1750443794.4666164,2.0
1750443794.480191,2.0
1750443794.4913945,2.0
1750443794.5027122,2.0
1750443794.5142772,2.0
1750443794.5253088,2.0
1750443794.536633,2.0
1750443794.547879,2.0
1750443794.5603712,2.0
1750443794.5716112,2.0
1750443794.5828624,2.0
1750443794.594094,2.0
1750443794.6053572,2.0
1750443794.6166131,2.0
1750443794.6278791,2.0
1750443794.6390605,2.0
1750443794.6503334,2.0
1750443794.6615715,2.0
1750443794.6728604,2.0
1750443794.6842663,2.0
1750443794.6954896,2.0
1750443794.7067578,2.0
1750443794.7180727,2.0
1750443794.729333,2.0
1750443794.7405498,2.0
1750443794.7518234,2.0
1750443794.7647135,2.0
1750443794.77693,1.0
1750443794.7898822,1.0
1750443794.8011947,2.0
1750443794.8135476,2.0
1750443794.8281186,2.0
1750443794.8394983,2.0
1750443794.850866,2.0
1750443794.8622346,2.0
1750443794.873638,2.0
1750443794.8849702,2.0
1750443794.8963284,2.0
1750443794.9077137,2.0
1750443794.9190645,2.0
1750443794.9304159,2.0
1750443794.9417884,2.0
1750443794.9531517,2.0
1750443794.9645069,2.0
1750443794.9758487,2.0
1750443794.9872358,2.0
1750443794.9986124,2.0
1750443795.0099466,2.0
1750443795.021242,2.0
1750443795.0326197,2.0
1750443795.0439487,2.0
1750443795.0553327,2.0
1750443795.0667078,2.0
1750443795.0780494,2.0
1750443795.0893924,2.0
1750443795.100745,2.0
1750443795.11211,2.0
1750443795.1234937,2.0
1750443795.1348956,2.0
1750443795.146248,2.0
1750443795.157582,2.0
1750443795.1688907,2.0
1750443795.1802545,2.0
1750443795.1911554,2.0
1750443795.2021077,2.0
1750443795.2130215,2.0
1750443795.2239344,2.0
1750443795.2348685,2.0
1750443795.2458215,2.0
1750443795.2567337,2.0
1750443795.2676725,2.0
1750443795.2786021,2.0
1750443795.289545,2.0
1750443795.30049,2.0
1750443795.3114512,2.0
1750443795.3223848,2.0
1750443795.333353,2.0
1750443795.3442569,2.0
1750443795.3553295,2.0
1750443795.3663077,2.0
1750443795.3772671,2.0
1750443795.388183,2.0
1750443795.3991604,2.0
1750443795.4100702,2.0
1750443795.420983,2.0
1750443795.4319339,2.0
1750443795.4428728,2.0
1750443795.4537957,2.0
1750443795.4647777,2.0
1750443795.4773424,2.0
1750443795.4883142,2.0
1750443795.4992874,2.0
1750443795.5102344,2.0
1750443795.5219746,2.0
1750443795.5329185,2.0
1750443795.5439217,2.0
1750443795.5549147,2.0
1750443795.5663037,2.0
1750443795.5772626,2.0
1750443795.5882382,2.0
1750443795.5991719,2.0
1750443795.6101103,2.0
1750443795.621033,2.0
1750443795.6320343,2.0
1750443795.642965,2.0
1750443795.6539474,2.0
1750443795.6648617,2.0
1750443795.675801,2.0
1750443795.6870606,2.0
1750443795.6980188,2.0
1750443795.7089515,2.0
1750443795.7199209,2.0
1750443795.73086,2.0
1750443795.7417965,2.0
1750443795.7527344,2.0
1750443795.7646618,2.0
1750443795.7756143,2.0
1750443795.7866,2.0
1750443795.7975368,2.0
1750443795.8085136,2.0
1750443795.8198004,2.0
1750443795.8307664,2.0
1750443795.8417232,2.0
1750443795.8526626,2.0
1750443795.8636682,2.0
1750443795.874629,2.0
1750443795.8855772,2.0
1750443795.8965101,2.0
1750443795.9074564,2.0
1750443795.9184082,2.0
1750443795.9293575,2.0
1750443795.9403033,2.0
1750443795.9512596,2.0
1750443795.9622173,2.0
1750443795.973196,2.0
1750443795.9841614,2.0
1750443795.9951067,2.0
1750443796.0060494,2.0
1750443796.0169766,2.0
1750443796.0279202,2.0
1750443796.0388665,2.0
1750443796.0498216,2.0
1750443796.0607405,2.0
1750443796.07163,2.0
1750443796.0825422,2.0
1750443796.0934706,2.0
1750443796.10436,2.0
1750443796.1152837,2.0
1750443796.126207,2.0
1750443796.1371074,2.0
1750443796.1480565,2.0
1750443796.1594932,2.0
1750443796.1704128,2.0
1750443796.1813467,2.0
1750443796.1922758,2.0
1750443796.203255,2.0
1750443796.2141755,2.0
1750443796.2251205,2.0
1750443796.2360473,2.0
1750443796.2469616,2.0
1750443796.2578812,2.0
1750443796.2687716,2.0
1750443796.2796648,2.0
1750443796.2906072,2.0
1750443796.3015172,2.0
1750443796.3124344,2.0
1750443796.3233566,2.0
1750443796.3342927,2.0
1750443796.345239,2.0
1750443796.3561401,2.0
1750443796.367062,2.0
1750443796.377994,2.0
1750443796.3889267,2.0
1750443796.399868,2.0
1750443796.4108596,2.0
1750443796.4217894,2.0
1750443796.4327314,2.0
1750443796.443654,2.0
1750443796.4545634,2.0
1750443796.4654663,2.0
1750443796.4787867,2.0
1750443796.4897768,2.0
1750443796.500731,2.0
1750443796.5116816,2.0
1750443796.5231345,2.0
1750443796.534078,2.0
1750443796.5450172,2.0
1750443796.5559385,2.0
1750443796.567035,2.0
1750443796.5781739,2.0
1750443796.5890958,2.0
1750443796.600052,2.0
1750443796.6110125,2.0
1750443796.6219585,2.0
1750443796.6328876,2.0
1750443796.6438365,2.0
1750443796.654783,2.0
1750443796.6658936,2.0
1750443796.676798,2.0
1750443796.6878767,2.0
1750443796.6988468,2.0
1750443796.7097683,2.0
1750443796.72071,2.0
1750443796.7316482,2.0
1750443796.7426476,2.0
1750443796.7552855,2.0
1750443796.7661138,2.0
1750443796.777053,2.0
1750443796.7880676,2.0
1750443796.7990024,2.0
1750443796.8099303,2.0
1750443796.8224785,2.0
1750443796.8372126,2.0
1750443796.8481,2.0
1750443796.859033,2.0
1750443796.870006,2.0
1750443796.880951,2.0
1750443796.8918808,2.0
1750443796.9028497,2.0
1750443796.913786,2.0
1750443796.9247177,2.0
1750443796.935711,2.0
1750443796.9466596,2.0
1750443796.9576194,2.0
1750443796.9685552,2.0
1750443796.9795356,2.0
1750443796.9905221,2.0
1750443797.001493,2.0
1750443797.0124378,2.0
1750443797.0233936,2.0
1750443797.0345488,2.0
1750443797.0454905,2.0
1750443797.0564206,2.0
1750443797.0673492,2.0
1750443797.078534,2.0
1750443797.08948,2.0
1750443797.1004472,2.0
1750443797.1113884,2.0
1750443797.1223257,2.0
1750443797.1332598,2.0
1750443797.144181,2.0
1750443797.155125,2.0
1750443797.166174,2.0
1750443797.177212,2.0
1750443797.188253,2.0
1750443797.1992836,2.0
1750443797.2103176,2.0
1750443797.2214067,2.0
1750443797.2324357,2.0
1750443797.243464,2.0
1750443797.2545073,2.0
1750443797.265534,2.0
1750443797.2765515,2.0
1750443797.2875907,2.0
1750443797.2986364,2.0
1750443797.3096602,2.0
1750443797.3206894,2.0
1750443797.3317244,2.0
1750443797.3428154,2.0
1750443797.3538733,2.0
1750443797.3648877,2.0
1750443797.3758993,2.0
1750443797.386927,2.0
1750443797.3979511,2.0
1750443797.4089694,2.0
1750443797.41997,2.0
1750443797.4309778,2.0
1750443797.442025,2.0
1750443797.453042,2.0
1750443797.4640856,2.0
1750443797.4768386,2.0
1750443797.487828,2.0
1750443797.4988902,2.0
1750443797.5099523,2.0
1750443797.5219457,2.0
1750443797.532913,2.0
1750443797.543989,2.0
1750443797.5550485,2.0
1750443797.5663772,2.0
1750443797.577402,2.0
1750443797.5884256,2.0
1750443797.5995028,2.0
1750443797.6105251,2.0
1750443797.6215563,2.0
1750443797.632586,2.0
1750443797.6436105,2.0
1750443797.654682,2.0
1750443797.6657078,2.0
1750443797.6767402,2.0
1750443797.687943,2.0
1750443797.6989675,2.0
1750443797.7100358,2.0
1750443797.7210412,2.0
1750443797.7320802,2.0
1750443797.743099,2.0
1750443797.7555087,2.0
1750443797.7669017,2.0
1750443797.7783206,2.0
1750443797.7893353,2.0
1750443797.8003285,2.0
1750443797.8118587,2.0
1750443797.8229373,2.0
1750443797.833994,2.0
1750443797.8457649,2.0
1750443797.857232,2.0
1750443797.8682294,2.0
1750443797.879961,2.0
1750443797.8910193,2.0
1750443797.9020627,2.0
1750443797.913737,2.0
1750443797.9247253,2.0
1750443797.9357893,2.0
1750443797.9468162,2.0
1750443797.957908,2.0
1750443797.968951,2.0
1750443797.9800324,2.0
1750443797.9910314,2.0
1750443798.0020878,2.0
1750443798.0130875,2.0
1750443798.0241246,2.0
1750443798.035173,2.0
1750443798.0461981,2.0
1750443798.0572264,2.0
1750443798.0682235,2.0
1750443798.0792444,2.0
1750443798.090267,2.0
1750443798.1012812,2.0
1750443798.1123128,2.0
1750443798.123342,2.0
1750443798.1348228,2.0
1750443798.145931,2.0
1750443798.1569743,2.0
1750443798.1680012,2.0
1750443798.1795645,2.0
1750443798.1905856,2.0
1750443798.201628,2.0
1750443798.2133036,2.0
1750443798.2243855,2.0
1750443798.2354233,2.0
1750443798.2471175,2.0
1750443798.2581584,2.0
1750443798.2692227,2.0
1750443798.2802382,2.0
1750443798.2912905,2.0
1750443798.3023276,2.0
1750443798.3133724,2.0
1750443798.324393,2.0
1750443798.3354945,2.0
1750443798.3464713,2.0
1750443798.3575435,2.0
1750443798.368567,2.0
1750443798.3796062,2.0
1750443798.390636,2.0
1750443798.4017396,2.0
1750443798.4127948,2.0
1750443798.4238384,2.0
1750443798.434874,2.0
1750443798.446031,2.0
1750443798.4570482,2.0
1750443798.468249,2.0
1750443798.4810483,2.0
1750443798.4919777,2.0
1750443798.5030248,2.0
1750443798.5141635,2.0
1750443798.52606,2.0
1750443798.5370932,2.0
1750443798.5481198,2.0
1750443798.5591922,2.0
1750443798.5703793,2.0
1750443798.5814543,2.0
1750443798.5924985,2.0
1750443798.603667,2.0
1750443798.6141694,1.0
1750443798.6256673,2.0
1750443798.6366253,2.0
1750443798.647686,2.0
1750443798.6587193,2.0
1750443798.669746,2.0
1750443798.6807585,2.0
1750443798.6926925,2.0
1750443798.7037573,2.0
1750443798.71477,2.0
1750443798.7258134,2.0
1750443798.7368577,2.0
1750443798.7478874,2.0
1750443798.7601013,2.0
1750443798.7710545,2.0
1750443798.7822006,2.0
1750443798.79319,2.0
1750443798.8041637,2.0
1750443798.8151977,2.0
1750443798.8261614,2.0
1750443798.8392394,2.0
1750443798.8523128,2.0
1750443798.8633173,2.0
1750443798.8743067,2.0
1750443798.8859024,2.0
1750443798.8968947,2.0
1750443798.9079049,2.0
1750443798.9189436,2.0
1750443798.929931,2.0
1750443798.940964,2.0
1750443798.9519706,2.0
1750443798.9629612,2.0
1750443798.9740267,2.0
1750443798.9850366,2.0
1750443798.9960501,2.0
1750443799.0070553,2.0
1750443799.0180535,2.0
1750443799.0290425,2.0
1750443799.0400307,2.0
1750443799.051053,2.0
1750443799.0620515,2.0
1750443799.0730143,2.0
1750443799.0840306,2.0
1750443799.0950265,2.0
1750443799.1060507,2.0
1750443799.117005,2.0
1750443799.1279907,2.0
1750443799.139681,2.0
1750443799.1506944,2.0
1750443799.1616848,2.0
1750443799.172677,2.0
1750443799.1836736,2.0
1750443799.194692,2.0
1750443799.205723,2.0
1750443799.2167258,2.0
1750443799.227734,2.0
1750443799.2386985,2.0
1750443799.2497056,2.0
1750443799.2606952,2.0
1750443799.2717066,2.0
1750443799.282708,2.0
1750443799.2936816,2.0
1750443799.3046367,2.0
1750443799.3157086,2.0
1750443799.3267062,2.0
1750443799.337694,2.0
1750443799.3487117,2.0
1750443799.3596654,2.0
1750443799.370653,2.0
1750443799.381625,2.0
1750443799.3926215,2.0
1750443799.4036613,2.0
1750443799.4146378,2.0
1750443799.4255888,2.0
1750443799.4365838,2.0
1750443799.4475927,2.0
1750443799.4585664,2.0
1750443799.4697542,2.0
1750443799.4816701,2.0
1750443799.4926887,2.0
1750443799.5037487,2.0
1750443799.514811,2.0
1750443799.5266309,2.0
1750443799.5376914,2.0
1750443799.54869,2.0
1750443799.559815,2.0
1750443799.5711145,2.0
1750443799.5821755,2.0
1750443799.5932243,2.0
1750443799.604247,2.0
1750443799.6152933,2.0
1750443799.6263263,2.0
1750443799.6373067,2.0
1750443799.648704,2.0
1750443799.6597204,2.0
1750443799.6707997,2.0
1750443799.6818414,2.0
1750443799.692995,2.0
1750443799.7040396,2.0
1750443799.7150583,2.0
1750443799.7261212,2.0
1750443799.7371519,2.0
1750443799.7481654,2.0
1750443799.7604158,2.0
1750443799.771386,2.0
1750443799.782432,2.0
1750443799.7934368,2.0
1750443799.804498,2.0
1750443799.8155007,2.0
1750443799.8265872,2.0
1750443799.8376732,2.0
1750443799.8486931,2.0
1750443799.859676,2.0
1750443799.8707294,2.0
1750443799.8817677,2.0
1750443799.8928113,2.0
1750443799.9038353,2.0
1750443799.9148357,2.0
1750443799.925905,2.0
1750443799.936953,2.0
1750443799.948394,2.0
1750443799.9594228,2.0
1750443799.970452,2.0
1750443799.9814646,2.0
1750443799.992509,2.0
1750443800.003555,2.0
1750443800.0145726,2.0
1750443800.0255997,2.0
1750443800.0366213,2.0
1750443800.0477335,2.0
1750443800.0587642,2.0
1750443800.0698001,2.0
1750443800.0808125,2.0
1750443800.0918088,2.0
1750443800.1026733,2.0
1750443800.1135626,2.0
1750443800.1244276,2.0
1750443800.1353376,2.0
1750443800.1462047,2.0
1750443800.1570652,2.0
1750443800.167943,2.0
1750443800.1788533,2.0
1750443800.1904817,2.0
1750443800.201331,2.0
1750443800.2121851,2.0
1750443800.2230728,2.0
1750443800.2339513,2.0
1750443800.2448235,2.0
1750443800.2557411,2.0
1750443800.2665958,2.0
1750443800.2774649,2.0
1750443800.2884567,2.0
1750443800.2993436,2.0
1750443800.3103945,2.0
1750443800.3214123,2.0
1750443800.3324497,2.0
1750443800.3435042,2.0
1750443800.3548837,2.0
1750443800.3659437,2.0
1750443800.3769941,2.0
1750443800.3880084,2.0
1750443800.3990293,2.0
1750443800.4100554,2.0
1750443800.421084,2.0
1750443800.4321113,2.0
1750443800.4431264,2.0
1750443800.4541376,2.0
1750443800.4651806,2.0
1750443800.4783227,2.0
1750443800.4893458,2.0
1750443800.5003545,2.0
1750443800.5114048,2.0
1750443800.523233,2.0
1750443800.534281,2.0
1750443800.5453224,2.0
1750443800.5565457,2.0
1750443800.567776,2.0
1750443800.578836,2.0
1750443800.5898786,2.0
1750443800.6009057,2.0
1750443800.6119366,2.0
1750443800.623195,2.0
1750443800.6341066,2.0
1750443800.6451871,2.0
1750443800.6562257,2.0
1750443800.6672978,2.0
1750443800.6783614,2.0
1750443800.6895266,2.0
1750443800.7005503,2.0
1750443800.7115912,2.0
1750443800.7227194,2.0
1750443800.7337408,2.0
1750443800.7447736,2.0
1750443800.757442,2.0
1750443800.7682557,2.0
1750443800.7793117,2.0
1750443800.7903943,2.0
1750443800.8014576,2.0
1750443800.8124926,2.0
1750443800.8235605,2.0
1750443800.8345964,2.0
1750443800.8517208,2.0
1750443800.862529,2.0
1750443800.8735933,2.0
1750443800.8846161,2.0
1750443800.895671,2.0
1750443800.9067047,2.0
1750443800.9177375,2.0
1750443800.9287803,2.0
1750443800.9401848,2.0
1750443800.9512403,2.0
1750443800.9623,2.0
1750443800.9733312,2.0
1750443800.984382,2.0
1750443800.9953961,2.0
1750443801.0064366,2.0
1750443801.017493,2.0
1750443801.0285208,2.0
1750443801.0395992,2.0
1750443801.0506482,2.0
1750443801.0617108,2.0
1750443801.072728,2.0
1750443801.0837681,2.0
1750443801.094803,2.0
1750443801.1058297,2.0
1750443801.1168659,2.0
1750443801.1279182,2.0
1750443801.1389422,2.0
1750443801.1499937,2.0
1750443801.1610408,2.0
1750443801.172032,2.0
1750443801.1830738,2.0
1750443801.1940958,2.0
1750443801.2051475,2.0
1750443801.2162035,2.0
1750443801.227187,2.0
1750443801.2382114,2.0
1750443801.2492595,2.0
1750443801.2602808,2.0
1750443801.2713277,2.0
1750443801.2823305,2.0
1750443801.2933831,2.0
1750443801.3043845,2.0
1750443801.3154974,2.0
1750443801.3265285,2.0
1750443801.3375664,2.0
1750443801.3486407,2.0
1750443801.3596933,2.0
1750443801.3706865,2.0
1750443801.3817375,2.0
1750443801.3927376,2.0
1750443801.4037704,2.0
1750443801.4148154,2.0
1750443801.4257789,2.0
1750443801.4368012,2.0
1750443801.4478464,2.0
1750443801.4589336,2.0
1750443801.470173,2.0
1750443801.4823792,2.0
1750443801.4934084,2.0
1750443801.5044506,2.0
1750443801.5157335,2.0
1750443801.5272772,2.0
1750443801.5383468,2.0
1750443801.5494294,2.0
1750443801.5614877,2.0
1750443801.572636,2.0
1750443801.5836964,2.0
1750443801.5947452,2.0
1750443801.605807,2.0
1750443801.6168127,2.0
1750443801.6279197,2.0
1750443801.638907,2.0
1750443801.649949,2.0
1750443801.6609583,2.0
1750443801.6720095,2.0
1750443801.6830482,2.0
1750443801.6951342,2.0
1750443801.7061152,2.0
1750443801.7171524,2.0
1750443801.7281585,2.0
1750443801.7391863,2.0
1750443801.750221,2.0
1750443801.7628121,2.0
1750443801.7737722,2.0
1750443801.784707,2.0
1750443801.795694,2.0
1750443801.8066895,2.0
1750443801.8176863,2.0
1750443801.8286567,2.0
1750443801.8396704,2.0
1750443801.8506565,2.0
1750443801.8617723,2.0
1750443801.8727577,2.0
1750443801.8837488,2.0
1750443801.894771,2.0
1750443801.9057748,2.0
1750443801.9167733,2.0
1750443801.927755,2.0
1750443801.93873,2.0
1750443801.9497275,2.0
1750443801.960712,2.0
1750443801.9717112,2.0
1750443801.982659,2.0
1750443801.9936435,2.0
1750443802.0046346,2.0
1750443802.0156176,2.0
1750443802.026623,2.0
1750443802.0376914,2.0
1750443802.048648,2.0
1750443802.0596504,2.0
1750443802.0709045,2.0
1750443802.081966,2.0
1750443802.092996,2.0
1750443802.103975,2.0
1750443802.1149416,2.0
1750443802.1259196,2.0
1750443802.1368713,2.0
1750443802.1478536,2.0
1750443802.1588144,2.0
1750443802.1698084,2.0
1750443802.180779,2.0
1750443802.1917372,2.0
1750443802.202711,2.0
1750443802.2140195,2.0
1750443802.2249737,2.0
1750443802.2359464,2.0
1750443802.2469263,2.0
1750443802.257902,2.0
1750443802.2688808,2.0
1750443802.2798595,2.0
1750443802.2908685,2.0
1750443802.3018475,2.0
1750443802.3128235,2.0
1750443802.3238,2.0
1750443802.3347883,2.0
1750443802.345945,2.0
1750443802.3569045,2.0
1750443802.3678722,2.0
1750443802.3788257,2.0
1750443802.389794,2.0
1750443802.400771,2.0
1750443802.411756,2.0
1750443802.4227128,2.0
1750443802.433675,2.0
1750443802.4446526,2.0
1750443802.4556599,2.0
1750443802.4667482,2.0
1750443802.47975,2.0
1750443802.490725,2.0
1750443802.501739,2.0
1750443802.5127,2.0
1750443802.5245073,2.0
1750443802.5354943,2.0
1750443802.546456,2.0
1750443802.557578,2.0
1750443802.5685344,2.0
1750443802.5795245,2.0
1750443802.5904956,2.0
1750443802.601503,2.0
1750443802.612494,2.0
1750443802.6236324,2.0
1750443802.6345353,2.0
1750443802.645529,2.0
1750443802.6565096,2.0
1750443802.6674728,2.0
1750443802.6784565,2.0
1750443802.6896055,2.0
1750443802.700601,2.0
1750443802.711567,2.0
1750443802.7225401,2.0
1750443802.7335348,2.0
1750443802.7445333,2.0
1750443802.7572713,2.0
1750443802.7680538,2.0
1750443802.7790284,2.0
1750443802.792488,1.0
1750443802.8066611,1.0
1750443802.8172963,2.0
1750443802.8281782,2.0
1750443802.839069,2.0
1750443802.8509967,2.0
1750443802.863128,2.0
1750443802.8754494,2.0
1750443802.8863635,2.0
1750443802.8972611,2.0
1750443802.9081419,2.0
1750443802.919145,2.0
1750443802.9300203,2.0
1750443802.9409494,2.0
1750443802.9518235,2.0
1750443802.9627078,2.0
1750443802.9744625,2.0
1750443802.9853387,2.0
1750443802.9962327,2.0
1750443803.0071464,2.0
1750443803.0180106,2.0
1750443803.0288827,2.0
1750443803.03976,2.0
1750443803.0506568,2.0
1750443803.0615435,2.0
1750443803.0724468,2.0
1750443803.083343,2.0
1750443803.0942857,2.0
1750443803.105171,2.0
1750443803.1160533,2.0
1750443803.1269484,2.0
1750443803.1378362,2.0
1750443803.1487284,2.0
1750443803.1596403,2.0
1750443803.170576,2.0
1750443803.181465,2.0
1750443803.1923623,2.0
1750443803.203267,2.0
1750443803.2141852,2.0
1750443803.2250652,2.0
1750443803.235978,2.0
1750443803.2468607,2.0
1750443803.257763,2.0
1750443803.2686539,2.0
1750443803.2795346,2.0
1750443803.2904222,2.0
1750443803.301308,2.0
1750443803.3122132,2.0
1750443803.3230984,2.0
1750443803.3339818,2.0
1750443803.3448408,2.0
1750443803.3557286,2.0
1750443803.3666387,2.0
1750443803.3775563,2.0
1750443803.3884277,2.0
1750443803.3993177,2.0
1750443803.410194,2.0
1750443803.4210815,2.0
1750443803.4319842,2.0
1750443803.442948,2.0
1750443803.453846,2.0
1750443803.4647193,2.0
1750443803.476972,2.0
1750443803.4878356,2.0
1750443803.4987593,2.0
1750443803.5097225,2.0
1750443803.5214827,2.0
1750443803.53237,2.0
1750443803.5432763,2.0
1750443803.5541904,2.0
1750443803.565311,2.0
1750443803.5761526,2.0
1750443803.587068,2.0
1750443803.597951,2.0
1750443803.608834,2.0
1750443803.6197248,2.0
1750443803.6306653,2.0
1750443803.641542,2.0
1750443803.652417,2.0
1750443803.6633222,2.0
1750443803.6742265,2.0
1750443803.6850948,2.0
1750443803.6961215,2.0
1750443803.707028,2.0
1750443803.717915,2.0
1750443803.7288141,2.0
1750443803.7397044,2.0
1750443803.7513397,2.0
1750443803.7642245,2.0
1750443803.775103,2.0
1750443803.7859738,2.0
1750443803.7968643,2.0
1750443803.8077862,2.0
1750443803.818679,2.0
1750443803.8295622,2.0
1750443803.8404374,2.0
1750443803.851326,2.0
1750443803.8623905,2.0
1750443803.873264,2.0
1750443803.8841584,2.0
1750443803.8950417,2.0
1750443803.9059243,2.0
1750443803.9168172,2.0
1750443803.9277258,2.0
1750443803.938606,2.0
1750443803.9495053,2.0
1750443803.9604242,2.0
1750443803.9713705,2.0
1750443803.9822717,2.0
1750443803.9931588,2.0
1750443804.0044594,2.0
1750443804.015344,2.0
1750443804.0262413,2.0
1750443804.037123,2.0
1750443804.0480034,2.0
1750443804.058914,2.0
1750443804.069788,2.0
1750443804.0807223,2.0
1750443804.0916202,2.0
1750443804.1025403,2.0
1750443804.1134558,2.0
1750443804.1243553,2.0
1750443804.1352863,2.0
1750443804.1461773,2.0
1750443804.1570718,2.0
1750443804.1679697,2.0
1750443804.1788774,2.0
1750443804.189784,2.0
1750443804.2006662,2.0
1750443804.2115686,2.0
1750443804.222455,2.0
1750443804.2337644,2.0
1750443804.2446635,2.0
1750443804.2555568,2.0
1750443804.266463,2.0
1750443804.2773962,2.0
1750443804.28828,2.0
1750443804.2991843,2.0
1750443804.3100667,2.0
1750443804.3209875,2.0
1750443804.331861,2.0
1750443804.3430731,2.0
1750443804.353936,2.0
1750443804.3649025,2.0
1750443804.3757827,2.0
1750443804.3866794,2.0
1750443804.3975632,2.0
1750443804.4084435,2.0
1750443804.4193435,2.0
1750443804.4302292,2.0
1750443804.441121,2.0
1750443804.4520242,2.0
1750443804.462907,2.0
1750443804.4754007,2.0
1750443804.4864597,2.0
1750443804.497344,2.0
1750443804.508222,2.0
1750443804.5202804,2.0
1750443804.5310576,2.0
1750443804.5419614,2.0
1750443804.5528536,2.0
1750443804.5640063,2.0
1750443804.5748913,2.0
1750443804.5857768,2.0
1750443804.5966582,2.0
1750443804.6075573,2.0
1750443804.618428,2.0
1750443804.6294317,2.0
1750443804.640276,2.0
1750443804.651166,2.0
1750443804.6620648,2.0
1750443804.6729326,2.0
1750443804.683824,2.0
1750443804.6949947,2.0
1750443804.705888,2.0
1750443804.7167885,2.0
1750443804.727682,2.0
1750443804.7386312,2.0
1750443804.7495165,2.0
1750443804.762218,2.0
1750443804.7733817,2.0
1750443804.7842433,2.0
1750443804.7952209,2.0
1750443804.8061147,2.0
1750443804.8170307,2.0
1750443804.827932,2.0
1750443804.838833,2.0
1750443804.8497314,2.0
1750443804.8606274,2.0
1750443804.8739321,2.0
1750443804.8867044,2.0
1750443804.8976386,2.0
1750443804.9085302,2.0
1750443804.9194365,2.0
1750443804.9303286,2.0
1750443804.941283,2.0
1750443804.9521544,2.0
1750443804.9630835,2.0
1750443804.973973,2.0
1750443804.984875,2.0
1750443804.9957912,2.0
1750443805.0066562,2.0
1750443805.0175624,2.0
1750443805.028444,2.0
1750443805.0393434,2.0
1750443805.050231,2.0
1750443805.0611212,2.0
1750443805.0720193,2.0
1750443805.0829,2.0
1750443805.0938115,2.0
1750443805.104691,2.0
1750443805.115639,2.0
1750443805.126557,2.0
1750443805.137488,2.0
1750443805.1483395,2.0
1750443805.1592238,2.0
1750443805.1701314,2.0
1750443805.1810052,2.0
1750443805.1918914,2.0
1750443805.2027724,2.0
1750443805.2136936,2.0
1750443805.2245696,2.0
1750443805.2354777,2.0
1750443805.2463737,2.0
1750443805.2572691,2.0
1750443805.268128,2.0
1750443805.279031,2.0
1750443805.2899,2.0
1750443805.3007739,2.0
1750443805.3116744,2.0
1750443805.322558,2.0
1750443805.3334777,2.0
1750443805.3443604,2.0
1750443805.3553252,2.0
1750443805.3662093,2.0
1750443805.37715,2.0
1750443805.3880484,2.0
1750443805.3989768,2.0
1750443805.4098732,2.0
1750443805.4207375,2.0
1750443805.4316437,2.0
1750443805.4425447,2.0
1750443805.4534092,2.0
1750443805.4642947,2.0
1750443805.4772441,2.0
1750443805.4880383,2.0
1750443805.4989297,2.0
1750443805.5098364,2.0
1750443805.5217183,2.0
1750443805.532561,2.0
1750443805.5434518,2.0
1750443805.554338,2.0
1750443805.5656142,2.0
1750443805.5765197,2.0
1750443805.587404,2.0
1750443805.5983546,2.0
1750443805.6092296,2.0
1750443805.620106,2.0
1750443805.6310406,2.0
1750443805.641921,2.0
1750443805.6528208,2.0
1750443805.6637044,2.0
1750443805.6746652,2.0
1750443805.6855521,2.0
1750443805.6965902,2.0
1750443805.7075014,2.0
1750443805.7184076,2.0
1750443805.7293081,2.0
1750443805.740181,2.0
1750443805.7510924,2.0
1750443805.7636797,2.0
1750443805.7745526,2.0
1750443805.7854414,2.0
1750443805.7963452,2.0
1750443805.8072538,2.0
1750443805.8181605,2.0
1750443805.8290286,2.0
1750443805.8399472,2.0
1750443805.850841,2.0
1750443805.8619604,2.0
1750443805.8728602,2.0
1750443805.8837376,2.0
1750443805.8946548,2.0
1750443805.9055412,2.0
1750443805.916414,2.0
1750443805.929606,1.0
1750443805.943516,1.0
1750443805.954119,2.0
1750443805.9650543,2.0
1750443805.9759686,2.0
1750443805.9868627,2.0
1750443805.9977598,2.0
1750443806.008657,2.0
1750443806.0195525,2.0
1750443806.0304427,2.0
1750443806.041328,2.0
1750443806.052782,2.0
1750443806.0636792,2.0
1750443806.074561,2.0
1750443806.0854435,2.0
1750443806.0963273,2.0
1750443806.1072328,2.0
1750443806.118135,2.0
1750443806.129027,2.0
1750443806.1399138,2.0
1750443806.1508007,2.0
1750443806.1617038,2.0
1750443806.17258,2.0
1750443806.1834533,2.0
1750443806.1943572,2.0
1750443806.205218,2.0
1750443806.2160997,2.0
1750443806.227006,2.0
1750443806.237879,2.0
1750443806.2491896,2.0
1750443806.2600322,2.0
1750443806.2709193,2.0
1750443806.2818003,2.0
1750443806.2926972,2.0
1750443806.3035886,2.0
1750443806.314477,2.0
1750443806.325343,2.0
1750443806.3362486,2.0
1750443806.3472335,2.0
1750443806.3580997,2.0
1750443806.3690107,2.0
1750443806.3799193,2.0
1750443806.3908086,2.0
1750443806.401682,2.0
1750443806.4126468,2.0
1750443806.4234862,2.0
1750443806.4343948,2.0
1750443806.4452698,2.0
1750443806.4561543,2.0
1750443806.4670298,2.0
1750443806.4800477,2.0
1750443806.4908342,2.0
1750443806.5017347,2.0
1750443806.5126092,2.0
1750443806.5244558,2.0
1750443806.5353565,2.0
1750443806.5462677,2.0
1750443806.5571487,2.0
1750443806.5681577,2.0
1750443806.5790756,2.0
1750443806.589946,2.0
1750443806.6008208,2.0
1750443806.6117156,2.0
1750443806.6226106,2.0
1750443806.6336057,2.0
1750443806.6445026,2.0
1750443806.655382,2.0
1750443806.6662662,2.0
1750443806.6771488,2.0
1750443806.6880352,2.0
1750443806.6991026,2.0
1750443806.7099814,2.0
1750443806.7209003,2.0
1750443806.7317975,2.0
1750443806.7426984,2.0
1750443806.755046,2.0
1750443806.7660353,2.0
1750443806.7769053,2.0
1750443806.7878137,2.0
1750443806.7987392,2.0
1750443806.8096342,2.0
1750443806.820943,2.0
1750443806.8318238,2.0
1750443806.8427165,2.0
1750443806.8536322,2.0
1750443806.8645291,2.0
1750443806.8767314,2.0
1750443806.889958,2.0
1750443806.901012,2.0
1750443806.9118857,2.0
1750443806.922799,2.0
1750443806.933674,2.0
1750443806.944567,2.0
1750443806.9554534,2.0
1750443806.9663188,2.0
1750443806.9772341,2.0
1750443806.9881094,2.0
1750443806.998997,2.0
1750443807.009884,2.0
1750443807.02081,2.0
1750443807.031774,2.0
1750443807.0426738,2.0
1750443807.0535963,2.0
1750443807.0644662,2.0
1750443807.0756266,2.0
1750443807.0865254,2.0
1750443807.0974646,2.0
1750443807.1083422,2.0
1750443807.119262,2.0
1750443807.130184,2.0
1750443807.1410735,2.0
1750443807.15196,2.0
1750443807.1628416,2.0
1750443807.1737537,2.0
1750443807.1846333,2.0
1750443807.1955607,2.0
1750443807.206452,2.0
1750443807.217315,2.0
1750443807.2282057,2.0
1750443807.2390988,2.0
1750443807.2499852,2.0
1750443807.2609067,2.0
1750443807.2717803,2.0
1750443807.2826636,2.0
1750443807.293561,2.0
1750443807.3044443,2.0
1750443807.315362,2.0
1750443807.3262436,2.0
1750443807.3371484,2.0
1750443807.3481596,2.0
1750443807.3590472,2.0
1750443807.3699265,2.0
1750443807.3808317,2.0
1750443807.3917186,2.0
1750443807.4026372,2.0
1750443807.4135523,2.0
1750443807.4244506,2.0
1750443807.4353306,2.0
1750443807.4462335,2.0
1750443807.4571185,2.0
1750443807.46859,2.0
1750443807.4817698,2.0
1750443807.4926345,2.0
1750443807.5035348,2.0
1750443807.5146751,2.0
1750443807.5260742,2.0
1750443807.5370462,2.0
1750443807.5479348,2.0
1750443807.559027,2.0
1750443807.5698621,2.0
1750443807.5807538,2.0
1750443807.5916476,2.0
1750443807.6026332,2.0
1750443807.6135445,2.0
1750443807.6244745,2.0
1750443807.6353567,2.0
1750443807.6462674,2.0
1750443807.6571743,2.0
1750443807.66808,2.0
1750443807.6789715,2.0
1750443807.6898625,2.0
1750443807.7009227,2.0
1750443807.7118175,2.0
1750443807.7227287,2.0
1750443807.733645,2.0
1750443807.744558,2.0
1750443807.7572196,2.0
1750443807.7679815,2.0
1750443807.7788725,2.0
1750443807.7897682,2.0
1750443807.800654,2.0
1750443807.8115666,2.0
1750443807.8224714,2.0
1750443807.833351,2.0
1750443807.8443034,2.0
1750443807.855226,2.0
1750443807.8661368,2.0
1750443807.877016,2.0
1750443807.887914,2.0
1750443807.8988416,2.0
1750443807.909735,2.0
1750443807.9206371,2.0
1750443807.9315796,2.0
1750443807.942499,2.0
1750443807.9534156,2.0
1750443807.9643044,2.0
1750443807.9751961,2.0
1750443807.9861472,2.0
1750443807.9970338,2.0
1750443808.0079288,2.0
1750443808.0188231,2.0
1750443808.0297053,2.0
1750443808.0406003,2.0
1750443808.0514884,2.0
1750443808.0623887,2.0
1750443808.0732825,2.0
1750443808.0841649,2.0
1750443808.0957704,2.0
1750443808.106645,2.0
1750443808.1175551,2.0
1750443808.1284237,2.0
1750443808.1393101,2.0
1750443808.1502213,2.0
1750443808.1611028,2.0
1750443808.1719944,2.0
1750443808.1828942,2.0
1750443808.193821,2.0
1750443808.2047186,2.0
1750443808.2156088,2.0
1750443808.23046,2.0
1750443808.2414215,2.0
1750443808.2524257,2.0
1750443808.2639706,2.0
1750443808.2749925,2.0
1750443808.28599,2.0
1750443808.2969892,2.0
1750443808.3079858,2.0
1750443808.319015,2.0
1750443808.330035,2.0
1750443808.3410335,2.0
1750443808.3525813,2.0
1750443808.3636425,2.0
1750443808.3747036,2.0
1750443808.385752,2.0
1750443808.3967972,2.0
1750443808.407823,2.0
1750443808.4188964,2.0
1750443808.429938,2.0
1750443808.4409847,2.0
1750443808.4520285,2.0
1750443808.463095,2.0
1750443808.4767594,2.0
1750443808.487697,2.0
1750443808.4987552,2.0
1750443808.5098956,2.0
1750443808.5215662,2.0
1750443808.532651,2.0
1750443808.543734,2.0
1750443808.5548177,2.0
1750443808.5659795,2.0
1750443808.577003,2.0
1750443808.5881152,2.0
1750443808.5993457,2.0
1750443808.6157548,2.0
1750443808.6270256,2.0
1750443808.6380672,2.0
1750443808.6491175,2.0
1750443808.6601844,2.0
1750443808.6712487,2.0
1750443808.6822953,2.0
1750443808.693655,2.0
1750443808.7047043,2.0
1750443808.7157335,2.0
1750443808.7267828,2.0
1750443808.737844,2.0
1750443808.748848,2.0
1750443808.7612793,2.0
1750443808.7722993,2.0
1750443808.7833862,2.0
1750443808.7944448,2.0
1750443808.80549,2.0
1750443808.816552,2.0
1750443808.8275905,2.0
1750443808.8386197,2.0
1750443808.8496394,2.0
1750443808.8607044,2.0
1750443808.8719237,2.0
1750443808.883011,2.0
1750443808.896747,2.0
1750443808.910166,2.0
1750443808.9212432,2.0
1750443808.9323196,2.0
1750443808.9434226,2.0
1750443808.9544916,2.0
1750443808.9656208,2.0
1750443808.9766998,2.0
1750443808.9877715,2.0
1750443808.99885,2.0
1750443809.0099223,2.0
1750443809.0210247,2.0
1750443809.0321279,2.0
1750443809.043246,2.0
1750443809.0543442,2.0
1750443809.0654104,2.0
1750443809.0765378,2.0
1750443809.087634,2.0
1750443809.0987513,2.0
1750443809.1098304,2.0
1750443809.1212406,2.0
1750443809.1322763,2.0
1750443809.1434925,2.0
1750443809.1546423,2.0
1750443809.1658168,2.0
1750443809.1769557,2.0
1750443809.1881385,2.0
1750443809.199884,2.0
1750443809.2109694,2.0
1750443809.2220254,2.0
1750443809.2330678,2.0
1750443809.2441242,2.0
1750443809.2551868,2.0
1750443809.2662323,2.0
1750443809.2773092,2.0
1750443809.288314,2.0
1750443809.2993956,2.0
1750443809.310436,2.0
1750443809.321513,2.0
1750443809.332557,2.0
1750443809.343651,2.0
1750443809.354703,2.0
1750443809.3657508,2.0
1750443809.3770568,2.0
1750443809.3880813,2.0
1750443809.3991146,2.0
1750443809.410186,2.0
1750443809.4212399,2.0
1750443809.4322746,2.0
1750443809.4433239,2.0
1750443809.4543736,2.0
1750443809.4654121,2.0
1750443809.4755127,1.0
1750443809.4863544,2.0
1750443809.4975483,2.0
1750443809.5086744,2.0
1750443809.5211728,2.0
1750443809.5323625,2.0
1750443809.5434482,2.0
1750443809.5547879,2.0
1750443809.5657332,2.0
1750443809.5767682,2.0
1750443809.587834,2.0
1750443809.599026,2.0
1750443809.610032,2.0
1750443809.6210473,2.0
1750443809.6325262,2.0
1750443809.6435382,2.0
1750443809.6545918,2.0
1750443809.6656206,2.0
1750443809.6766398,2.0
1750443809.6876903,2.0
1750443809.6990788,2.0
1750443809.7101488,2.0
1750443809.7212062,2.0
1750443809.7322385,2.0
1750443809.7432904,2.0
1750443809.7561371,2.0
1750443809.76698,2.0
1750443809.7780302,2.0
1750443809.7890742,2.0
1750443809.8001451,2.0
1750443809.8112326,2.0
1750443809.822302,2.0
1750443809.8333542,2.0
1750443809.8444242,2.0
1750443809.8554645,2.0
1750443809.8665426,2.0
1750443809.8776205,2.0
1750443809.8886483,2.0
1750443809.899691,2.0
1750443809.910604,2.0
1750443809.9214804,2.0
1750443809.9323885,2.0
1750443809.9432678,2.0
1750443809.954165,2.0
1750443809.9650488,2.0
1750443809.9759386,2.0
1750443809.9868126,2.0
1750443809.997894,2.0
1750443810.008949,2.0
1750443810.02003,2.0
1750443810.031066,2.0
1750443810.0421166,2.0
1750443810.0531785,2.0
1750443810.0642235,2.0
1750443810.0756702,2.0
1750443810.0866861,2.0
1750443810.0978036,2.0
1750443810.108835,2.0
1750443810.1198628,2.0
1750443810.1308687,2.0
1750443810.1419327,2.0
1750443810.152993,2.0
1750443810.1640408,2.0
1750443810.1750724,2.0
1750443810.1861222,2.0
1750443810.1971748,2.0
1750443810.208209,2.0
1750443810.21924,2.0
1750443810.2303061,2.0
1750443810.2413468,2.0
1750443810.252382,2.0
1750443810.2634335,2.0
1750443810.2750823,2.0
1750443810.2861125,2.0
1750443810.297155,2.0
1750443810.3081794,2.0
1750443810.3191981,2.0
1750443810.3302379,2.0
1750443810.341333,2.0
1750443810.3523793,2.0
1750443810.3635457,2.0
1750443810.3745914,2.0
1750443810.385652,2.0
1750443810.396689,2.0
1750443810.4077268,2.0
1750443810.4187908,2.0
1750443810.4309108,2.0
1750443810.441927,2.0
1750443810.4528904,2.0
1750443810.4638388,2.0
1750443810.4784296,2.0
1750443810.4893594,2.0
1750443810.5003994,2.0
1750443810.5119488,2.0
1750443810.5234013,2.0
1750443810.5344162,2.0
1750443810.5454214,2.0
1750443810.5567677,2.0
1750443810.5677035,2.0
1750443810.5786395,2.0
1750443810.5896,2.0
1750443810.6006694,2.0
1750443810.61162,2.0
1750443810.622821,2.0
1750443810.6336668,2.0
1750443810.6445909,2.0
1750443810.6555595,2.0
1750443810.6665206,2.0
1750443810.6774662,2.0
1750443810.6883993,2.0
1750443810.6994567,2.0
1750443810.7104113,2.0
1750443810.7224448,2.0
1750443810.7333999,2.0
1750443810.744384,2.0
1750443810.7569022,2.0
1750443810.7676709,2.0
1750443810.778606,2.0
1750443810.7895846,2.0
1750443810.8006942,2.0
1750443810.8116548,2.0
1750443810.8226073,2.0
1750443810.8336031,2.0
1750443810.8445485,2.0
1750443810.8554943,2.0
1750443810.8664556,2.0
1750443810.8774154,2.0
1750443810.8883533,2.0
1750443810.9013197,2.0
1750443810.911703,1.0
1750443810.922387,2.0
1750443810.9333591,2.0
1750443810.9443223,2.0
1750443810.9553256,2.0
1750443810.966271,2.0
1750443810.9772046,2.0
1750443810.9881654,2.0
1750443810.9991293,2.0
1750443811.010101,2.0
1750443811.021028,2.0
1750443811.0319953,2.0
1750443811.0429506,2.0
1750443811.053899,2.0
1750443811.0648396,2.0
1750443811.0758007,2.0
1750443811.0867171,2.0
1750443811.097648,2.0
1750443811.108612,2.0
1750443811.1195853,2.0
1750443811.1305046,2.0
1750443811.141516,2.0
1750443811.1524405,2.0
1750443811.1633792,2.0
1750443811.1746693,2.0
1750443811.185647,2.0
1750443811.1965697,2.0
1750443811.2075307,2.0
1750443811.2184803,2.0
1750443811.2294462,2.0
1750443811.2404068,2.0
1750443811.2513154,2.0
1750443811.2622705,2.0
1750443811.2732217,2.0
1750443811.2841206,2.0
1750443811.2950919,2.0
1750443811.3060448,2.0
1750443811.3169565,2.0
1750443811.3278863,2.0
1750443811.3388476,2.0
1750443811.3498218,2.0
1750443811.360748,2.0
1750443811.3717027,2.0
1750443811.382662,2.0
1750443811.39358,2.0
1750443811.4047685,2.0
1750443811.4158225,2.0
1750443811.426753,2.0
1750443811.4376953,2.0
1750443811.4486387,2.0
1750443811.459581,2.0
1750443811.4709485,2.0
1750443811.4830885,2.0
1750443811.4940035,2.0
1750443811.5049589,2.0
1750443811.5159857,2.0
1750443811.5281012,2.0
1750443811.5393608,2.0
1750443811.5503685,2.0
1750443811.561779,2.0
1750443811.5727303,2.0
1750443811.5838065,2.0
1750443811.5948412,2.0
1750443811.6058953,2.0
1750443811.6169345,2.0
1750443811.628062,2.0
1750443811.6390622,2.0
1750443811.6501033,2.0
1750443811.661156,2.0
1750443811.672228,2.0
1750443811.6833088,2.0
1750443811.6944206,2.0
1750443811.705472,2.0
1750443811.7164793,2.0
1750443811.7275379,2.0
1750443811.73862,2.0
1750443811.7496812,2.0
1750443811.7621894,2.0
1750443811.7732134,2.0
1750443811.7842586,2.0
1750443811.7953997,2.0
1750443811.806465,2.0
1750443811.8175323,2.0
1750443811.828569,2.0
1750443811.8396335,2.0
1750443811.8507075,2.0
1750443811.8617442,2.0
1750443811.8726883,2.0
1750443811.8836539,2.0
1750443811.8946471,2.0
1750443811.9055965,2.0
1750443811.916593,2.0
1750443811.9275563,2.0
1750443811.9394557,2.0
1750443811.950346,2.0
1750443811.9613163,2.0
1750443811.9722698,2.0
1750443811.9832668,2.0
1750443811.9942422,2.0
1750443812.0053008,2.0
1750443812.0162485,2.0
1750443812.0272784,2.0
1750443812.0382435,2.0
1750443812.0492666,2.0
1750443812.0602734,2.0
1750443812.0715582,2.0
1750443812.082509,2.0
1750443812.0935159,2.0
1750443812.1045475,2.0
1750443812.11552,2.0
1750443812.1265044,2.0
1750443812.137487,2.0
1750443812.1484551,2.0
1750443812.1594553,2.0
1750443812.1704106,2.0
1750443812.181384,2.0
1750443812.1923306,2.0
1750443812.2033167,2.0
1750443812.214277,2.0
1750443812.2252736,2.0
1750443812.2362247,2.0
1750443812.247166,2.0
1750443812.258216,2.0
1750443812.269246,2.0
1750443812.2802367,2.0
1750443812.2919064,2.0
1750443812.3028703,2.0
1750443812.3137996,2.0
1750443812.3247147,2.0
1750443812.335655,2.0
1750443812.3466187,2.0
1750443812.3578675,2.0
1750443812.3688378,2.0
1750443812.379777,2.0
1750443812.3907495,2.0
1750443812.4016888,2.0
1750443812.412646,2.0
1750443812.4236176,2.0
1750443812.434561,2.0
1750443812.4455001,2.0
1750443812.4564087,2.0
1750443812.471365,2.0
1750443812.482069,2.0
1750443812.4929774,2.0
1750443812.503901,2.0
1750443812.516426,2.0
1750443812.527356,2.0
1750443812.5383227,2.0
1750443812.5498064,2.0
1750443812.5605872,2.0
1750443812.571546,2.0
1750443812.5825253,2.0
1750443812.5934477,2.0
1750443812.6043878,2.0
1750443812.6153233,2.0
1750443812.626302,2.0
1750443812.6371968,2.0
1750443812.648121,2.0
1750443812.6590717,2.0
1750443812.6699917,2.0
1750443812.6809263,2.0
1750443812.6918457,2.0
1750443812.703017,2.0
1750443812.713985,2.0
1750443812.724922,2.0
1750443812.7358644,2.0
1750443812.746783,2.0
1750443812.7589722,2.0
1750443812.769775,2.0
1750443812.7807274,2.0
1750443812.7916887,2.0
1750443812.8028288,2.0
1750443812.8137636,2.0
1750443812.8247836,2.0
1750443812.8357425,2.0
1750443812.8466609,2.0
1750443812.8576102,2.0
1750443812.8685763,2.0
1750443812.8795352,2.0
1750443812.8904963,2.0
1750443812.901433,2.0
1750443812.9134839,2.0
1750443812.9274852,2.0
1750443812.9455066,2.0
1750443812.9582322,1.0
1750443812.969132,2.0
1750443812.9800653,2.0
1750443812.9910102,2.0
1750443813.0019739,2.0
1750443813.0129347,2.0
1750443813.023971,2.0
1750443813.0349762,2.0
1750443813.0458813,2.0
1750443813.0568583,2.0
1750443813.0678196,2.0
1750443813.0787778,2.0
1750443813.0897539,2.0
1750443813.1007147,2.0
1750443813.111634,2.0
1750443813.1225855,2.0
1750443813.1335733,2.0
1750443813.144539,2.0
1750443813.1554873,2.0
1750443813.1664479,2.0
1750443813.1774056,2.0
1750443813.188333,2.0
1750443813.1993093,2.0
1750443813.2107408,2.0
1750443813.2222168,2.0
1750443813.2331812,2.0
1750443813.244117,2.0
1750443813.2550724,2.0
1750443813.2660158,2.0
1750443813.2769582,2.0
1750443813.287914,2.0
1750443813.2988577,2.0
1750443813.3097854,2.0
1750443813.3207684,2.0
1750443813.331684,2.0
1750443813.3426414,2.0
1750443813.3535845,2.0
1750443813.3645191,2.0
1750443813.3754601,2.0
1750443813.3864484,2.0
1750443813.3973858,2.0
1750443813.408336,2.0
1750443813.4192705,2.0
1750443813.4302146,2.0
1750443813.4412134,2.0
1750443813.4521792,2.0
1750443813.4631443,2.0
1750443813.4758925,2.0
1750443813.4868746,2.0
1750443813.49786,2.0
1750443813.509051,2.0
1750443813.5208964,2.0
1750443813.5317721,2.0
1750443813.542737,2.0
1750443813.553695,2.0
1750443813.5648413,2.0
1750443813.5757658,2.0
1750443813.5867245,2.0
1750443813.5978255,2.0
1750443813.6087773,2.0
1750443813.61973,2.0
1750443813.6307464,2.0
1750443813.641694,2.0
1750443813.6526403,2.0
1750443813.6636028,2.0
1750443813.674572,2.0
1750443813.6855683,2.0
1750443813.6964948,2.0
1750443813.707513,2.0
1750443813.7185056,2.0
1750443813.7294724,2.0
1750443813.7404516,2.0
1750443813.7514272,2.0
1750443813.763525,2.0
1750443813.7744882,2.0
1750443813.7854748,2.0
1750443813.7964568,2.0
1750443813.8074577,2.0
1750443813.818436,2.0
1750443813.829447,2.0
1750443813.8404233,2.0
1750443813.8514073,2.0
1750443813.8624444,2.0
1750443813.8734033,2.0
1750443813.884332,2.0
1750443813.8953464,2.0
1750443813.9062846,2.0
1750443813.9172173,2.0
1750443813.928181,2.0
1750443813.9391766,2.0
1750443813.9501207,2.0
1750443813.9610944,2.0
1750443813.9720867,2.0
1750443813.9837325,2.0
1750443813.9947217,2.0
1750443814.0057502,2.0
1750443814.0167882,2.0
1750443814.027862,2.0
1750443814.0389059,2.0
1750443814.049948,2.0
1750443814.060975,2.0
1750443814.071993,2.0
1750443814.083043,2.0
1750443814.0940769,2.0
1750443814.1050737,2.0
1750443814.116115,2.0
1750443814.1271558,2.0
1750443814.138153,2.0
1750443814.14912,2.0
1750443814.1601193,2.0
1750443814.1711261,2.0
1750443814.1821344,2.0
1750443814.1930826,2.0
1750443814.2040617,2.0
1750443814.214949,2.0
1750443814.225848,2.0
1750443814.236718,2.0
1750443814.2476993,2.0
1750443814.2586117,2.0
1750443814.269554,2.0
1750443814.2804499,2.0
1750443814.291371,2.0
1750443814.302998,2.0
1750443814.3138633,2.0
1750443814.3247583,2.0
1750443814.3357174,2.0
1750443814.3466349,2.0
1750443814.3576581,2.0
1750443814.3685668,2.0
1750443814.3795419,2.0
1750443814.3904731,2.0
1750443814.4013934,2.0
1750443814.412333,2.0
1750443814.423278,2.0
1750443814.4341803,2.0
1750443814.445099,2.0
1750443814.4560325,2.0
1750443814.4672794,2.0
1750443814.4802978,2.0
1750443814.4912658,2.0
1750443814.5024705,2.0
1750443814.513731,2.0
1750443814.5250323,2.0
1750443814.5360322,2.0
1750443814.5470464,2.0
1750443814.558355,2.0
1750443814.5692306,2.0
1750443814.5802066,2.0
1750443814.591196,2.0
1750443814.6021996,2.0
1750443814.6131554,2.0
1750443814.624294,2.0
1750443814.6351447,2.0
1750443814.646098,2.0
1750443814.6570067,2.0
1750443814.6679173,2.0
1750443814.6788352,2.0
1750443814.6897523,2.0
1750443814.7007976,2.0
1750443814.7117543,2.0
1750443814.7226882,2.0
1750443814.7335918,2.0
1750443814.7444685,2.0
1750443814.7571971,2.0
1750443814.7682347,2.0
1750443814.7791421,2.0
1750443814.7900527,2.0
1750443814.8009818,2.0
1750443814.8119042,2.0
1750443814.8228118,2.0
1750443814.8337348,2.0
1750443814.8446403,2.0
1750443814.8555396,2.0
1750443814.866528,2.0
1750443814.877413,2.0
1750443814.8883235,2.0
1750443814.899256,2.0
1750443814.9101777,2.0
1750443814.922213,2.0
1750443814.9371474,2.0
1750443814.9480662,2.0
1750443814.9590876,2.0
1750443814.970086,2.0
1750443814.9810812,2.0
1750443814.9920955,2.0
1750443815.0030675,2.0
1750443815.014293,2.0
1750443815.0252705,2.0
1750443815.036236,2.0
1750443815.0471852,2.0
1750443815.0581684,2.0
1750443815.0691557,2.0
1750443815.0801265,2.0
1750443815.0911195,2.0
1750443815.1021135,2.0
1750443815.113078,2.0
1750443815.1240742,2.0
1750443815.135082,2.0
1750443815.1460834,2.0
1750443815.1570628,2.0
1750443815.1680484,2.0
1750443815.179049,2.0
1750443815.1901317,2.0
1750443815.2012334,2.0
1750443815.2122965,2.0
1750443815.2233543,2.0
1750443815.2344458,2.0
1750443815.2456236,2.0
1750443815.256634,2.0
1750443815.2677014,2.0
1750443815.278747,2.0
1750443815.289814,2.0
1750443815.3008835,2.0
1750443815.3119156,2.0
1750443815.323003,2.0
1750443815.3340478,2.0
1750443815.3450875,2.0
1750443815.3561492,2.0
1750443815.367282,2.0
1750443815.3783414,2.0
1750443815.3893745,2.0
1750443815.4004169,2.0
1750443815.4114568,2.0
1750443815.422497,2.0
1750443815.4335468,2.0
1750443815.4445791,2.0
1750443815.4555905,2.0
1750443815.4669363,2.0
1750443815.4796367,2.0
1750443815.4906676,2.0
1750443815.5017195,2.0
1750443815.5127552,2.0
1750443815.5246334,2.0
1750443815.5356688,2.0
1750443815.5467324,2.0
1750443815.558008,2.0
1750443815.5689917,2.0
1750443815.5800078,2.0
1750443815.5910513,2.0
1750443815.602086,2.0
1750443815.6130595,2.0
1750443815.6243563,2.0
1750443815.6353242,2.0
1750443815.6463764,2.0
1750443815.6574562,2.0
1750443815.668559,2.0
1750443815.679616,2.0
1750443815.6906927,2.0
1750443815.7018654,2.0
1750443815.712915,2.0
1750443815.723988,2.0
1750443815.7350397,2.0
1750443815.746079,2.0
1750443815.758384,2.0
1750443815.7691991,2.0
1750443815.7802386,2.0
1750443815.7912316,2.0
1750443815.8022768,2.0
1750443815.813257,2.0
1750443815.8242805,2.0
1750443815.8352907,2.0
1750443815.8463295,2.0
1750443815.8573408,2.0
1750443815.8683348,2.0
1750443815.879356,2.0
1750443815.890382,2.0
1750443815.901403,2.0
1750443815.9123914,2.0
1750443815.9233813,2.0
1750443815.9343934,2.0
1750443815.9453924,2.0
1750443815.9564111,2.0
1750443815.967386,2.0
1750443815.9783838,2.0
1750443815.9894867,2.0
1750443816.0004797,2.0
1750443816.0114813,2.0
1750443816.0225072,2.0
1750443816.0335224,2.0
1750443816.0444963,2.0
1750443816.0554717,2.0
1750443816.0664399,2.0
1750443816.0773928,2.0
1750443816.0883472,2.0
1750443816.099273,2.0
1750443816.1102412,2.0
1750443816.1212099,2.0
1750443816.1321769,2.0
1750443816.1431332,2.0
1750443816.1540883,2.0
1750443816.1650596,2.0
1750443816.1760445,2.0
1750443816.1869757,2.0
1750443816.1979127,2.0
1750443816.208867,2.0
1750443816.2198396,2.0
1750443816.2306607,2.0
1750443816.2414742,2.0
1750443816.2522423,2.0
1750443816.2630618,2.0
1750443816.273884,2.0
1750443816.284691,2.0
1750443816.2958682,2.0
1750443816.3066835,2.0
1750443816.3181071,2.0
1750443816.328906,2.0
1750443816.3397532,2.0
1750443816.3505805,2.0
1750443816.3614433,2.0
1750443816.3722544,2.0
1750443816.3830597,2.0
1750443816.3938715,2.0
1750443816.4047043,2.0
1750443816.415544,2.0
1750443816.4263647,2.0
1750443816.4372158,2.0
1750443816.448024,2.0
1750443816.458869,2.0
1750443816.470904,2.0
1750443816.4829965,2.0
1750443816.4937956,2.0
1750443816.5045967,2.0
1750443816.515572,2.0
1750443816.5268943,2.0
1750443816.5377433,2.0
1750443816.549184,2.0
1750443816.5600626,2.0
1750443816.5711086,2.0
1750443816.581942,2.0
1750443816.592772,2.0
1750443816.6036105,2.0
1750443816.614435,2.0
1750443816.6252708,2.0
1750443816.636054,2.0
1750443816.6468542,2.0
1750443816.657708,2.0
1750443816.6684947,2.0
1750443816.6793256,2.0
1750443816.69014,2.0
1750443816.7012157,2.0
1750443816.7120008,2.0
1750443816.7228181,2.0
1750443816.7336314,2.0
1750443816.7444408,2.0
1750443816.7568047,2.0
1750443816.7677846,2.0
1750443816.7786257,2.0
1750443816.7894628,2.0
1750443816.800643,2.0
1750443816.8114288,2.0
1750443816.8222575,2.0
1750443816.8330586,2.0
1750443816.8438928,2.0
1750443816.8547251,2.0
1750443816.8655987,2.0
1750443816.8764462,2.0
1750443816.8872852,2.0
1750443816.898116,2.0
1750443816.9089348,2.0
1750443816.9197593,2.0
1750443816.9320748,2.0
1750443816.9440265,2.0
1750443816.9562786,2.0
1750443816.967148,2.0
1750443816.9779947,2.0
1750443816.9888306,2.0
1750443816.9996967,2.0
1750443817.0105398,2.0
1750443817.021418,2.0
1750443817.032299,2.0
1750443817.043184,2.0
1750443817.0540404,2.0
1750443817.065547,2.0
1750443817.0764017,2.0
1750443817.0872557,2.0
1750443817.0981097,2.0
1750443817.1089416,2.0
1750443817.1197798,2.0
1750443817.1306064,2.0
1750443817.1414993,2.0
1750443817.1523528,2.0
1750443817.1632001,2.0
1750443817.1740513,2.0
1750443817.1848998,2.0
1750443817.1957402,2.0
1750443817.2065966,2.0
1750443817.2174325,2.0
1750443817.2282572,2.0
1750443817.2391074,2.0
1750443817.2499394,2.0
1750443817.2607975,2.0
1750443817.271677,2.0
1750443817.282578,2.0
1750443817.2935307,2.0
1750443817.3044453,2.0
1750443817.3153512,2.0
1750443817.3262408,2.0
1750443817.3371537,2.0
1750443817.3480504,2.0
1750443817.3589668,2.0
1750443817.3698714,2.0
1750443817.3807702,2.0
1750443817.3916872,2.0
1750443817.4025924,2.0
1750443817.4134924,2.0
1750443817.4244027,2.0
1750443817.4353135,2.0
1750443817.4462216,2.0
1750443817.4571505,2.0
1750443817.4701717,2.0
1750443817.4819164,2.0
1750443817.4928374,2.0
1750443817.503764,2.0
1750443817.5151849,2.0
1750443817.5261304,2.0
1750443817.5370564,2.0
1750443817.5480845,2.0
1750443817.559435,2.0
1750443817.5705018,2.0
1750443817.5814466,2.0
1750443817.5923402,2.0
1750443817.6032486,2.0
1750443817.6141346,2.0
1750443817.624997,2.0
1750443817.6359403,2.0
1750443817.6468837,2.0
1750443817.657777,2.0
1750443817.6686802,2.0
1750443817.6795762,2.0
1750443817.6905305,2.0
1750443817.7017264,2.0
1750443817.7126238,2.0
1750443817.7236454,2.0
1750443817.734554,2.0
1750443817.7454858,2.0
1750443817.7578323,2.0
1750443817.7686615,2.0
1750443817.7795966,2.0
1750443817.7904804,2.0
1750443817.8014054,2.0
1750443817.812321,2.0
1750443817.8232484,2.0
1750443817.834131,2.0
1750443817.845032,2.0
1750443817.8559299,2.0
1750443817.8670487,2.0
1750443817.8779426,2.0
1750443817.888879,2.0
1750443817.899792,2.0
1750443817.9106731,2.0
1750443817.9215903,2.0
1750443817.9324818,2.0
1750443817.9433808,2.0
1750443817.9543033,2.0
1750443817.965353,2.0
1750443817.9762633,2.0
1750443817.9871578,2.0
1750443817.998056,2.0
1750443818.008951,2.0
1750443818.0198588,2.0
1750443818.0307825,2.0
1750443818.0416932,2.0
1750443818.0525827,2.0
1750443818.063504,2.0
1750443818.074441,2.0
1750443818.0853405,2.0
1750443818.0962594,2.0
1750443818.1071577,2.0
1750443818.1180568,2.0
1750443818.1289175,2.0
1750443818.140001,2.0
1750443818.1509027,2.0
1750443818.1618006,2.0
1750443818.1726959,2.0
1750443818.1836421,2.0
1750443818.1945581,2.0
1750443818.2054477,2.0
1750443818.2163627,2.0
1750443818.2273061,2.0
1750443818.2382157,2.0
1750443818.2491243,2.0
1750443818.2600513,2.0
1750443818.2709851,2.0
1750443818.2818987,2.0
1750443818.2928042,2.0
1750443818.303776,2.0
1750443818.3146715,2.0
1750443818.3255792,2.0
1750443818.3369544,2.0
1750443818.3480577,2.0
1750443818.3589716,2.0
1750443818.3699663,2.0
1750443818.380865,2.0
1750443818.3917942,2.0
1750443818.4027038,2.0
1750443818.4136229,2.0
1750443818.4245493,2.0
1750443818.4354799,2.0
1750443818.4464083,2.0
1750443818.4573328,2.0
1750443818.4686308,2.0
1750443818.4821265,2.0
1750443818.4930015,2.0
1750443818.5039449,2.0
1750443818.5150714,2.0
1750443818.5266423,2.0
1750443818.537561,2.0
1750443818.548436,2.0
1750443818.5593154,2.0
1750443818.5703893,2.0
1750443818.5812843,2.0
1750443818.5926607,2.0
1750443818.6036747,2.0
1750443818.6150281,1.0
1750443818.62601,2.0
1750443818.636831,2.0
1750443818.6477416,2.0
1750443818.6586342,2.0
1750443818.669512,2.0
1750443818.680399,2.0
1750443818.69131,2.0
1750443818.702589,2.0
1750443818.7134664,2.0
1750443818.7243607,2.0
1750443818.735236,2.0
1750443818.746131,2.0
1750443818.758836,2.0
1750443818.7696898,2.0
1750443818.780745,2.0
1750443818.7918603,2.0
1750443818.803161,2.0
1750443818.8142476,2.0
1750443818.8253508,2.0
1750443818.8364437,2.0
1750443818.8475227,2.0
1750443818.8586192,2.0
1750443818.8697805,2.0
1750443818.8808806,2.0
1750443818.8919191,2.0
1750443818.9030132,2.0
1750443818.9140801,2.0
1750443818.9251125,2.0
1750443818.9361947,2.0
1750443818.9497697,2.0
1750443818.9623797,2.0
1750443818.9732752,2.0
1750443818.9842296,2.0
1750443818.9951303,2.0
1750443819.0060446,2.0
1750443819.0169346,2.0
1750443819.0278592,2.0
1750443819.0392783,2.0
1750443819.0502357,2.0
1750443819.0611157,2.0
1750443819.0720036,2.0
1750443819.0829268,2.0
1750443819.0938654,2.0
1750443819.1051254,2.0
1750443819.1160312,2.0
1750443819.126944,2.0
1750443819.1378524,2.0
1750443819.1487381,2.0
1750443819.159657,2.0
1750443819.1705534,2.0
1750443819.181447,2.0
1750443819.1923552,2.0
1750443819.2032757,2.0
1750443819.2141883,2.0
1750443819.225079,2.0
1750443819.2359824,2.0
1750443819.24686,2.0
1750443819.2577922,2.0
1750443819.268748,2.0
1750443819.2796597,2.0
1750443819.2906082,2.0
1750443819.301522,2.0
1750443819.312417,2.0
1750443819.3233275,2.0
1750443819.3342528,2.0
1750443819.3451564,2.0
1750443819.356047,2.0
1750443819.3669748,2.0
1750443819.3778725,2.0
1750443819.3887959,2.0
1750443819.399694,2.0
1750443819.4106076,2.0
1750443819.4214983,2.0
1750443819.4323788,2.0
1750443819.4433112,2.0
1750443819.45421,2.0
1750443819.4650865,2.0
1750443819.4783876,2.0
1750443819.4891722,2.0
1750443819.5001097,2.0
1750443819.5110419,2.0
1750443819.5228398,2.0
1750443819.533745,2.0
1750443819.5446799,2.0
1750443819.55562,2.0
1750443819.5667307,2.0
1750443819.5776637,2.0
1750443819.5885737,2.0
1750443819.599488,2.0
1750443819.6103878,2.0
1750443819.6213121,2.0
1750443819.6322954,2.0
1750443819.643184,2.0
1750443819.6541064,2.0
1750443819.6650238,2.0
1750443819.6759186,2.0
1750443819.6868346,2.0
1750443819.6977491,2.0
1750443819.7090836,2.0
1750443819.7199728,2.0
1750443819.730934,2.0
1750443819.7418954,2.0
1750443819.7528203,2.0
1750443819.7649722,2.0
1750443819.7759993,2.0
1750443819.7869184,2.0
1750443819.7978532,2.0
1750443819.8087592,2.0
1750443819.8196807,2.0
1750443819.8305602,2.0
1750443819.8414657,2.0
1750443819.8523352,2.0
1750443819.8652828,2.0
1750443819.8761017,2.0
1750443819.886991,2.0
1750443819.8979223,2.0
1750443819.9088123,2.0
1750443819.919721,2.0
1750443819.9306,2.0
1750443819.9414964,2.0
1750443819.9523964,2.0
1750443819.9633155,2.0
1750443819.9741998,2.0
1750443819.9850998,2.0
1750443819.996005,2.0
1750443820.0069294,2.0
1750443820.0178366,2.0
1750443820.0287397,2.0
1750443820.0396614,2.0
1750443820.0505822,2.0
1750443820.0614738,2.0
1750443820.0723603,2.0
1750443820.083267,2.0
1750443820.0941637,2.0
1750443820.1050804,2.0
1750443820.115991,2.0
1750443820.126874,2.0
1750443820.1377907,2.0
1750443820.1486957,2.0
1750443820.1596587,2.0
1750443820.1705801,2.0
1750443820.1814797,2.0
1750443820.19236,2.0
1750443820.203252,2.0
1750443820.2141461,2.0
1750443820.2250423,2.0
1750443820.2359762,2.0
1750443820.2468715,2.0
1750443820.2577531,2.0
1750443820.2686641,2.0
1750443820.2795625,2.0
1750443820.2904763,2.0
1750443820.3013678,2.0
1750443820.3122516,2.0
1750443820.3231544,2.0
1750443820.334071,2.0
1750443820.344935,2.0
1750443820.3565118,2.0
1750443820.3674812,2.0
1750443820.3783772,2.0
1750443820.3893585,2.0
1750443820.4002776,2.0
1750443820.4111736,2.0
1750443820.4220529,2.0
1750443820.4329338,2.0
1750443820.4438267,2.0
1750443820.4547281,2.0
1750443820.4656384,2.0
1750443820.4788094,2.0
1750443820.4896786,2.0
1750443820.5005558,2.0
1750443820.5114675,2.0
1750443820.5233681,2.0
1750443820.5342536,2.0
1750443820.5451274,2.0
1750443820.5560148,2.0
1750443820.5670812,2.0
1750443820.5779688,2.0
1750443820.588894,2.0
1750443820.5997987,2.0
1750443820.6106935,2.0
1750443820.6216044,2.0
1750443820.6324797,2.0
1750443820.6433685,2.0
1750443820.6542501,2.0
1750443820.6651611,2.0
1750443820.6760476,2.0
1750443820.6869535,2.0
1750443820.697827,2.0
1750443820.7088554,2.0
1750443820.719732,2.0
1750443820.7306373,2.0
1750443820.7415078,2.0
1750443820.7523856,2.0
1750443820.765106,2.0
1750443820.775993,2.0
1750443820.7870557,2.0
1750443820.7979488,2.0
1750443820.8092723,2.0
1750443820.8201585,2.0
1750443820.831027,2.0
1750443820.8418906,2.0
1750443820.8527799,2.0
1750443820.8637698,2.0
1750443820.874652,2.0
1750443820.8855255,2.0
1750443820.8964033,2.0
1750443820.9072895,2.0
1750443820.9181757,2.0
1750443820.929063,2.0
1750443820.9399636,2.0
1750443820.9532456,2.0
1750443820.9655075,2.0
1750443820.9766278,2.0
1750443820.987526,2.0
1750443820.9984097,2.0
1750443821.0092993,2.0
1750443821.0201986,2.0
1750443821.0310795,2.0
1750443821.0419445,2.0
1750443821.0527842,2.0
1750443821.0636983,2.0
1750443821.074603,2.0
1750443821.0854664,2.0
1750443821.0963287,2.0
1750443821.107189,2.0
1750443821.1180508,2.0
1750443821.1289144,2.0
1750443821.1397898,2.0
1750443821.1506562,2.0
1750443821.1615398,2.0
1750443821.172394,2.0
1750443821.1832597,2.0
1750443821.1941514,2.0
1750443821.2050235,2.0
1750443821.2158895,2.0
1750443821.2267973,2.0
1750443821.2376375,2.0
1750443821.2485232,2.0
1750443821.2593954,2.0
1750443821.2702687,2.0
1750443821.28112,2.0
1750443821.2919965,2.0
1750443821.302892,2.0
1750443821.3137896,2.0
1750443821.324658,2.0
1750443821.3355386,2.0
1750443821.3464122,2.0
1750443821.3572836,2.0
1750443821.3681102,2.0
1750443821.3789823,2.0
1750443821.3898382,2.0
1750443821.4007497,2.0
1750443821.412284,2.0
1750443821.4231215,2.0
1750443821.4340017,2.0
1750443821.4448638,2.0
1750443821.4557269,2.0
1750443821.466609,2.0
1750443821.4799056,2.0
1750443821.4907513,2.0
1750443821.5016143,2.0
1750443821.5125015,2.0
1750443821.5242388,2.0
1750443821.5350988,2.0
1750443821.5460908,2.0
1750443821.556928,2.0
1750443821.5679386,2.0
1750443821.5788262,2.0
1750443821.58967,2.0
1750443821.6005356,2.0
1750443821.611405,2.0
1750443821.622343,2.0
1750443821.6332514,2.0
1750443821.6441567,2.0
1750443821.6550875,2.0
1750443821.665979,2.0
1750443821.6769073,2.0
1750443821.6878295,2.0
1750443821.6987374,2.0
1750443821.7102423,2.0
1750443821.7211533,2.0
1750443821.7320406,2.0
1750443821.7429464,2.0
1750443821.7538478,2.0
1750443821.76538,2.0
1750443821.7762332,2.0
1750443821.7871501,2.0
1750443821.798049,2.0
1750443821.8089726,2.0
1750443821.8198762,2.0
1750443821.8307977,2.0
1750443821.8416798,2.0
1750443821.852624,2.0
1750443821.8635845,2.0
1750443821.8745096,2.0
1750443821.8854523,2.0
1750443821.8963335,2.0
1750443821.907236,2.0
1750443821.9181528,2.0
1750443821.9290302,2.0
1750443821.939912,2.0
1750443821.950794,2.0
1750443821.9617422,2.0
1750443821.9726465,2.0
1750443821.9835613,2.0
1750443821.9944432,2.0
1750443822.0053494,2.0
1750443822.016243,2.0
1750443822.0271802,2.0
1750443822.03812,2.0
1750443822.048993,2.0
1750443822.0599127,2.0
1750443822.0708861,2.0
1750443822.0818343,2.0
1750443822.09274,2.0
1750443822.1036518,2.0
1750443822.1145608,2.0
1750443822.1254487,2.0
1750443822.1363504,2.0
1750443822.1472409,2.0
1750443822.158183,2.0
1750443822.1690946,2.0
1750443822.1806736,2.0
1750443822.191566,2.0
1750443822.2025616,2.0
1750443822.2134488,2.0
1750443822.2243586,2.0
1750443822.235316,2.0
1750443822.246235,2.0
1750443822.2571204,2.0
1750443822.2680628,2.0
1750443822.2789433,2.0
1750443822.2898417,2.0
1750443822.300709,2.0
1750443822.3116333,2.0
1750443822.3225474,2.0
1750443822.3334377,2.0
1750443822.3443313,2.0
1750443822.3553765,2.0
1750443822.366944,2.0
1750443822.3778188,2.0
1750443822.3887289,2.0
1750443822.3996549,2.0
1750443822.41052,2.0
1750443822.4214451,2.0
1750443822.432331,2.0
1750443822.432569,0.0
